shape_id,shape_pt_lat,shape_pt_lon,shape_pt_sequence
PUNE_SHP_LINE1_DIR0,18.629370,73.803333,1
PUNE_SHP_LINE1_DIR0,18.629370,73.803333,2
PUNE_SHP_LINE1_DIR0,18.628944,73.803683,3
PUNE_SHP_LINE1_DIR0,18.628012,73.804451,4
PUNE_SHP_LINE1_DIR0,18.627427,73.804945,5
PUNE_SHP_LINE1_DIR0,18.626551,73.805686,6
PUNE_SHP_LINE1_DIR0,18.625869,73.806277,7
PUNE_SHP_LINE1_DIR0,18.625416,73.806659,8
PUNE_SHP_LINE1_DIR0,18.625179,73.806860,9
PUNE_SHP_LINE1_DIR0,18.625125,73.806905,10
PUNE_SHP_LINE1_DIR0,18.624966,73.807025,11
PUNE_SHP_LINE1_DIR0,18.624951,73.807035,12
PUNE_SHP_LINE1_DIR0,18.624868,73.807090,13
PUNE_SHP_LINE1_DIR0,18.624646,73.807221,14
PUNE_SHP_LINE1_DIR0,18.624488,73.807316,15
PUNE_SHP_LINE1_DIR0,18.624313,73.807429,16
PUNE_SHP_LINE1_DIR0,18.624206,73.807504,17
PUNE_SHP_LINE1_DIR0,18.624110,73.807578,18
PUNE_SHP_LINE1_DIR0,18.623868,73.807779,19
PUNE_SHP_LINE1_DIR0,18.623704,73.807918,20
PUNE_SHP_LINE1_DIR0,18.623673,73.807946,21
PUNE_SHP_LINE1_DIR0,18.622996,73.808531,22
PUNE_SHP_LINE1_DIR0,18.622875,73.808633,23
PUNE_SHP_LINE1_DIR0,18.622565,73.808895,24
PUNE_SHP_LINE1_DIR0,18.622333,73.809091,25
PUNE_SHP_LINE1_DIR0,18.622205,73.809203,26
PUNE_SHP_LINE1_DIR0,18.621398,73.809907,27
PUNE_SHP_LINE1_DIR0,18.621128,73.810135,28
PUNE_SHP_LINE1_DIR0,18.620407,73.810745,29
PUNE_SHP_LINE1_DIR0,18.619548,73.811496,30
PUNE_SHP_LINE1_DIR0,18.618858,73.812080,31
PUNE_SHP_LINE1_DIR0,18.617861,73.812922,32
PUNE_SHP_LINE1_DIR0,18.617149,73.813544,33
PUNE_SHP_LINE1_DIR0,18.616322,73.814263,34
PUNE_SHP_LINE1_DIR0,18.615793,73.814722,35
PUNE_SHP_LINE1_DIR0,18.614658,73.815721,36
PUNE_SHP_LINE1_DIR0,18.614581,73.815787,37
PUNE_SHP_LINE1_DIR0,18.614174,73.816137,38
PUNE_SHP_LINE1_DIR0,18.613627,73.816601,39
PUNE_SHP_LINE1_DIR0,18.613274,73.816911,40
PUNE_SHP_LINE1_DIR0,18.612800,73.817332,41
PUNE_SHP_LINE1_DIR0,18.612333,73.817714,42
PUNE_SHP_LINE1_DIR0,18.612063,73.817933,43
PUNE_SHP_LINE1_DIR0,18.611484,73.818376,44
PUNE_SHP_LINE1_DIR0,18.610897,73.818836,45
PUNE_SHP_LINE1_DIR0,18.610688,73.819010,46
PUNE_SHP_LINE1_DIR0,18.609884,73.819706,47
PUNE_SHP_LINE1_DIR0,18.609575,73.819976,48
PUNE_SHP_LINE1_DIR0,18.609412,73.820114,49
PUNE_SHP_LINE1_DIR0,18.609090,73.820388,50
PUNE_SHP_LINE1_DIR0,18.608500,73.820872,51
PUNE_SHP_LINE1_DIR0,18.608128,73.821197,52
PUNE_SHP_LINE1_DIR0,18.607137,73.822035,53
PUNE_SHP_LINE1_DIR0,18.606579,73.822507,54
PUNE_SHP_LINE1_DIR0,18.605863,73.823136,55
PUNE_SHP_LINE1_DIR0,18.605228,73.823689,56
PUNE_SHP_LINE1_DIR0,18.604503,73.824288,57
PUNE_SHP_LINE1_DIR0,18.604173,73.824567,58
PUNE_SHP_LINE1_DIR0,18.603243,73.825295,59
PUNE_SHP_LINE1_DIR0,18.603020,73.825460,60
PUNE_SHP_LINE1_DIR0,18.602986,73.825484,61
PUNE_SHP_LINE1_DIR0,18.602793,73.825612,62
PUNE_SHP_LINE1_DIR0,18.602257,73.825939,63
PUNE_SHP_LINE1_DIR0,18.601730,73.826251,64
PUNE_SHP_LINE1_DIR0,18.601556,73.826355,65
PUNE_SHP_LINE1_DIR0,18.601205,73.826561,66
PUNE_SHP_LINE1_DIR0,18.600943,73.826707,67
PUNE_SHP_LINE1_DIR0,18.600763,73.826798,68
PUNE_SHP_LINE1_DIR0,18.599676,73.827312,69
PUNE_SHP_LINE1_DIR0,18.599616,73.827341,70
PUNE_SHP_LINE1_DIR0,18.598551,73.827811,71
PUNE_SHP_LINE1_DIR0,18.598429,73.827866,72
PUNE_SHP_LINE1_DIR0,18.597688,73.828209,73
PUNE_SHP_LINE1_DIR0,18.597020,73.828511,74
PUNE_SHP_LINE1_DIR0,18.595589,73.829158,75
PUNE_SHP_LINE1_DIR0,18.594992,73.829426,76
PUNE_SHP_LINE1_DIR0,18.594513,73.829641,77
PUNE_SHP_LINE1_DIR0,18.593640,73.830053,78
PUNE_SHP_LINE1_DIR0,18.592681,73.830483,79
PUNE_SHP_LINE1_DIR0,18.592092,73.830762,80
PUNE_SHP_LINE1_DIR0,18.591177,73.831190,81
PUNE_SHP_LINE1_DIR0,18.590170,73.831641,82
PUNE_SHP_LINE1_DIR0,18.589344,73.832012,83
PUNE_SHP_LINE1_DIR0,18.588561,73.832372,84
PUNE_SHP_LINE1_DIR0,18.587994,73.832608,85
PUNE_SHP_LINE1_DIR0,18.587636,73.832732,86
PUNE_SHP_LINE1_DIR0,18.587322,73.832828,87
PUNE_SHP_LINE1_DIR0,18.586800,73.832981,88
PUNE_SHP_LINE1_DIR0,18.586700,73.833011,89
PUNE_SHP_LINE1_DIR0,18.585575,73.833349,90
PUNE_SHP_LINE1_DIR0,18.584985,73.833509,91
PUNE_SHP_LINE1_DIR0,18.584419,73.833653,92
PUNE_SHP_LINE1_DIR0,18.583796,73.833806,93
PUNE_SHP_LINE1_DIR0,18.583510,73.833877,94
PUNE_SHP_LINE1_DIR0,18.582811,73.834037,95
PUNE_SHP_LINE1_DIR0,18.582349,73.834151,96
PUNE_SHP_LINE1_DIR0,18.581725,73.834297,97
PUNE_SHP_LINE1_DIR0,18.580447,73.834611,98
PUNE_SHP_LINE1_DIR0,18.579879,73.834753,99
PUNE_SHP_LINE1_DIR0,18.579186,73.834920,100
PUNE_SHP_LINE1_DIR0,18.578479,73.835084,101
PUNE_SHP_LINE1_DIR0,18.577821,73.835240,102
PUNE_SHP_LINE1_DIR0,18.577174,73.835398,103
PUNE_SHP_LINE1_DIR0,18.576963,73.835452,104
PUNE_SHP_LINE1_DIR0,18.576878,73.835476,105
PUNE_SHP_LINE1_DIR0,18.576661,73.835546,106
PUNE_SHP_LINE1_DIR0,18.576453,73.835616,107
PUNE_SHP_LINE1_DIR0,18.576112,73.835747,108
PUNE_SHP_LINE1_DIR0,18.575852,73.835849,109
PUNE_SHP_LINE1_DIR0,18.575232,73.836079,110
PUNE_SHP_LINE1_DIR0,18.574908,73.836197,111
PUNE_SHP_LINE1_DIR0,18.574298,73.836427,112
PUNE_SHP_LINE1_DIR0,18.574257,73.836441,113
PUNE_SHP_LINE1_DIR0,18.573354,73.836758,114
PUNE_SHP_LINE1_DIR0,18.573297,73.836778,115
PUNE_SHP_LINE1_DIR0,18.572610,73.837025,116
PUNE_SHP_LINE1_DIR0,18.571978,73.837257,117
PUNE_SHP_LINE1_DIR0,18.571488,73.837444,118
PUNE_SHP_LINE1_DIR0,18.570959,73.837648,119
PUNE_SHP_LINE1_DIR0,18.569998,73.838019,120
PUNE_SHP_LINE1_DIR0,18.569687,73.838141,121
PUNE_SHP_LINE1_DIR0,18.569274,73.838295,122
PUNE_SHP_LINE1_DIR0,18.568482,73.838596,123
PUNE_SHP_LINE1_DIR0,18.567744,73.838877,124
PUNE_SHP_LINE1_DIR0,18.567057,73.839143,125
PUNE_SHP_LINE1_DIR0,18.566467,73.839373,126
PUNE_SHP_LINE1_DIR0,18.566303,73.839440,127
PUNE_SHP_LINE1_DIR0,18.566195,73.839488,128
PUNE_SHP_LINE1_DIR0,18.566099,73.839534,129
PUNE_SHP_LINE1_DIR0,18.566019,73.839576,130
PUNE_SHP_LINE1_DIR0,18.565743,73.839732,131
PUNE_SHP_LINE1_DIR0,18.565515,73.839878,132
PUNE_SHP_LINE1_DIR0,18.565011,73.840229,133
PUNE_SHP_LINE1_DIR0,18.564649,73.840483,134
PUNE_SHP_LINE1_DIR0,18.563797,73.841071,135
PUNE_SHP_LINE1_DIR0,18.562994,73.841637,136
PUNE_SHP_LINE1_DIR0,18.562094,73.842270,137
PUNE_SHP_LINE1_DIR0,18.561445,73.842711,138
PUNE_SHP_LINE1_DIR0,18.561275,73.842821,139
PUNE_SHP_LINE1_DIR0,18.561097,73.842933,140
PUNE_SHP_LINE1_DIR0,18.560813,73.843099,141
PUNE_SHP_LINE1_DIR0,18.560440,73.843311,142
PUNE_SHP_LINE1_DIR0,18.560241,73.843431,143
PUNE_SHP_LINE1_DIR0,18.560081,73.843530,144
PUNE_SHP_LINE1_DIR0,18.559945,73.843619,145
PUNE_SHP_LINE1_DIR0,18.559802,73.843719,146
PUNE_SHP_LINE1_DIR0,18.559624,73.843854,147
PUNE_SHP_LINE1_DIR0,18.559414,73.844024,148
PUNE_SHP_LINE1_DIR0,18.559244,73.844152,149
PUNE_SHP_LINE1_DIR0,18.559194,73.844188,150
PUNE_SHP_LINE1_DIR0,18.559142,73.844223,151
PUNE_SHP_LINE1_DIR0,18.559062,73.844274,152
PUNE_SHP_LINE1_DIR0,18.558956,73.844336,153
PUNE_SHP_LINE1_DIR0,18.558869,73.844380,154
PUNE_SHP_LINE1_DIR0,18.558789,73.844416,155
PUNE_SHP_LINE1_DIR0,18.558691,73.844455,156
PUNE_SHP_LINE1_DIR0,18.558618,73.844478,157
PUNE_SHP_LINE1_DIR0,18.558550,73.844495,158
PUNE_SHP_LINE1_DIR0,18.558469,73.844512,159
PUNE_SHP_LINE1_DIR0,18.558404,73.844524,160
PUNE_SHP_LINE1_DIR0,18.558322,73.844535,161
PUNE_SHP_LINE1_DIR0,18.558253,73.844541,162
PUNE_SHP_LINE1_DIR0,18.558154,73.844544,163
PUNE_SHP_LINE1_DIR0,18.558016,73.844540,164
PUNE_SHP_LINE1_DIR0,18.557912,73.844529,165
PUNE_SHP_LINE1_DIR0,18.557643,73.844490,166
PUNE_SHP_LINE1_DIR0,18.556644,73.844352,167
PUNE_SHP_LINE1_DIR0,18.556590,73.844345,168
PUNE_SHP_LINE1_DIR0,18.556464,73.844335,169
PUNE_SHP_LINE1_DIR0,18.556349,73.844332,170
PUNE_SHP_LINE1_DIR0,18.556223,73.844333,171
PUNE_SHP_LINE1_DIR0,18.556117,73.844342,172
PUNE_SHP_LINE1_DIR0,18.556032,73.844355,173
PUNE_SHP_LINE1_DIR0,18.555932,73.844373,174
PUNE_SHP_LINE1_DIR0,18.555882,73.844385,175
PUNE_SHP_LINE1_DIR0,18.555758,73.844418,176
PUNE_SHP_LINE1_DIR0,18.554962,73.844674,177
PUNE_SHP_LINE1_DIR0,18.554688,73.844765,178
PUNE_SHP_LINE1_DIR0,18.553878,73.845002,179
PUNE_SHP_LINE1_DIR0,18.553773,73.845031,180
PUNE_SHP_LINE1_DIR0,18.553394,73.845125,181
PUNE_SHP_LINE1_DIR0,18.552848,73.845265,182
PUNE_SHP_LINE1_DIR0,18.552502,73.845353,183
PUNE_SHP_LINE1_DIR0,18.551397,73.845603,184
PUNE_SHP_LINE1_DIR0,18.550267,73.845884,185
PUNE_SHP_LINE1_DIR0,18.550017,73.845952,186
PUNE_SHP_LINE1_DIR0,18.549938,73.845974,187
PUNE_SHP_LINE1_DIR0,18.549221,73.846181,188
PUNE_SHP_LINE1_DIR0,18.547983,73.846480,189
PUNE_SHP_LINE1_DIR0,18.547558,73.846586,190
PUNE_SHP_LINE1_DIR0,18.547394,73.846629,191
PUNE_SHP_LINE1_DIR0,18.547166,73.846693,192
PUNE_SHP_LINE1_DIR0,18.547111,73.846710,193
PUNE_SHP_LINE1_DIR0,18.546838,73.846802,194
PUNE_SHP_LINE1_DIR0,18.546120,73.847052,195
PUNE_SHP_LINE1_DIR0,18.545561,73.847237,196
PUNE_SHP_LINE1_DIR0,18.545375,73.847288,197
PUNE_SHP_LINE1_DIR0,18.545136,73.847340,198
PUNE_SHP_LINE1_DIR0,18.544886,73.847390,199
PUNE_SHP_LINE1_DIR0,18.544515,73.847430,200
PUNE_SHP_LINE1_DIR0,18.543914,73.847465,201
PUNE_SHP_LINE1_DIR0,18.542597,73.847542,202
PUNE_SHP_LINE1_DIR0,18.541586,73.847590,203
PUNE_SHP_LINE1_DIR0,18.541036,73.847614,204
PUNE_SHP_LINE1_DIR0,18.538734,73.847709,205
PUNE_SHP_LINE1_DIR0,18.537088,73.847772,206
PUNE_SHP_LINE1_DIR0,18.536994,73.847779,207
PUNE_SHP_LINE1_DIR0,18.535995,73.847800,208
PUNE_SHP_LINE1_DIR0,18.535861,73.847822,209
PUNE_SHP_LINE1_DIR0,18.535787,73.847850,210
PUNE_SHP_LINE1_DIR0,18.535701,73.847886,211
PUNE_SHP_LINE1_DIR0,18.535632,73.847927,212
PUNE_SHP_LINE1_DIR0,18.535537,73.848009,213
PUNE_SHP_LINE1_DIR0,18.535450,73.848100,214
PUNE_SHP_LINE1_DIR0,18.535268,73.848338,215
PUNE_SHP_LINE1_DIR0,18.535208,73.848420,216
PUNE_SHP_LINE1_DIR0,18.535126,73.848515,217
PUNE_SHP_LINE1_DIR0,18.535044,73.848597,218
PUNE_SHP_LINE1_DIR0,18.534992,73.848638,219
PUNE_SHP_LINE1_DIR0,18.534892,73.848702,220
PUNE_SHP_LINE1_DIR0,18.534832,73.848734,221
PUNE_SHP_LINE1_DIR0,18.534754,73.848766,222
PUNE_SHP_LINE1_DIR0,18.534585,73.848821,223
PUNE_SHP_LINE1_DIR0,18.534234,73.848912,224
PUNE_SHP_LINE1_DIR0,18.532104,73.849456,225
PUNE_SHP_LINE1_DIR0,18.532034,73.849474,226
PUNE_SHP_LINE1_DIR0,18.531941,73.849497,227
PUNE_SHP_LINE1_DIR0,18.531866,73.849513,228
PUNE_SHP_LINE1_DIR0,18.530782,73.849744,229
PUNE_SHP_LINE1_DIR0,18.530347,73.849967,230
PUNE_SHP_LINE1_DIR0,18.529626,73.850764,231
PUNE_SHP_LINE1_DIR0,18.528831,73.851605,232
PUNE_SHP_LINE1_DIR0,18.527807,73.853323,233
PUNE_SHP_LINE1_DIR0,18.527342,73.855031,234
PUNE_SHP_LINE1_DIR0,18.527273,73.855540,235
PUNE_SHP_LINE1_DIR0,18.527001,73.857146,236
PUNE_SHP_LINE1_DIR0,18.526775,73.857802,237
PUNE_SHP_LINE1_DIR0,18.526565,73.858414,238
PUNE_SHP_LINE1_DIR0,18.526484,73.858854,239
PUNE_SHP_LINE1_DIR0,18.525989,73.859375,240
PUNE_SHP_LINE1_DIR0,18.525603,73.859729,241
PUNE_SHP_LINE1_DIR0,18.523353,73.860232,242
PUNE_SHP_LINE1_DIR0,18.522796,73.860304,243
PUNE_SHP_LINE1_DIR0,18.522089,73.860042,244
PUNE_SHP_LINE1_DIR0,18.521729,73.859803,245
PUNE_SHP_LINE1_DIR0,18.521542,73.859657,246
PUNE_SHP_LINE1_DIR0,18.521470,73.859595,247
PUNE_SHP_LINE1_DIR0,18.521219,73.859379,248
PUNE_SHP_LINE1_DIR0,18.519554,73.857847,249
PUNE_SHP_LINE1_DIR0,18.517972,73.856327,250
PUNE_SHP_LINE1_DIR0,18.517925,73.856287,251
PUNE_SHP_LINE1_DIR0,18.517879,73.856260,252
PUNE_SHP_LINE1_DIR0,18.517832,73.856245,253
PUNE_SHP_LINE1_DIR0,18.517790,73.856231,254
PUNE_SHP_LINE1_DIR0,18.517714,73.856229,255
PUNE_SHP_LINE1_DIR0,18.517386,73.856251,256
PUNE_SHP_LINE1_DIR0,18.515381,73.856336,257
PUNE_SHP_LINE1_DIR0,18.514618,73.856335,258
PUNE_SHP_LINE1_DIR0,18.514172,73.856368,259
PUNE_SHP_LINE1_DIR0,18.513957,73.856400,260
PUNE_SHP_LINE1_DIR0,18.513788,73.856441,261
PUNE_SHP_LINE1_DIR0,18.513550,73.856530,262
PUNE_SHP_LINE1_DIR0,18.512677,73.856924,263
PUNE_SHP_LINE1_DIR0,18.512489,73.857043,264
PUNE_SHP_LINE1_DIR0,18.511248,73.857822,265
PUNE_SHP_LINE1_DIR0,18.511172,73.857855,266
PUNE_SHP_LINE1_DIR0,18.511065,73.857885,267
PUNE_SHP_LINE1_DIR0,18.510983,73.857902,268
PUNE_SHP_LINE1_DIR0,18.510892,73.857912,269
PUNE_SHP_LINE1_DIR0,18.510772,73.857918,270
PUNE_SHP_LINE1_DIR0,18.510106,73.857946,271
PUNE_SHP_LINE1_DIR0,18.508072,73.858040,272
PUNE_SHP_LINE1_DIR0,18.506867,73.858073,273
PUNE_SHP_LINE1_DIR0,18.506830,73.858073,274
PUNE_SHP_LINE1_DIR0,18.506671,73.858079,275
PUNE_SHP_LINE1_DIR0,18.506584,73.858092,276
PUNE_SHP_LINE1_DIR0,18.506536,73.858105,277
PUNE_SHP_LINE1_DIR0,18.506447,73.858144,278
PUNE_SHP_LINE1_DIR0,18.506389,73.858183,279
PUNE_SHP_LINE1_DIR0,18.506230,73.858301,280
PUNE_SHP_LINE1_DIR0,18.506129,73.858387,281
PUNE_SHP_LINE1_DIR0,18.506044,73.858461,282
PUNE_SHP_LINE1_DIR0,18.505955,73.858529,283
PUNE_SHP_LINE1_DIR0,18.505868,73.858575,284
PUNE_SHP_LINE1_DIR0,18.505794,73.858611,285
PUNE_SHP_LINE1_DIR0,18.505725,73.858639,286
PUNE_SHP_LINE1_DIR0,18.505266,73.858765,287
PUNE_SHP_LINE1_DIR0,18.505189,73.858786,288
PUNE_SHP_LINE1_DIR0,18.504972,73.858845,289
PUNE_SHP_LINE1_DIR0,18.504364,73.859020,290
PUNE_SHP_LINE1_DIR0,18.504293,73.859034,291
PUNE_SHP_LINE1_DIR0,18.504267,73.859037,292
PUNE_SHP_LINE1_DIR0,18.504249,73.859039,293
PUNE_SHP_LINE1_DIR0,18.504193,73.859041,294
PUNE_SHP_LINE1_DIR0,18.504144,73.859040,295
PUNE_SHP_LINE1_DIR0,18.504060,73.859035,296
PUNE_SHP_LINE1_DIR0,18.502782,73.858838,297
PUNE_SHP_LINE1_DIR0,18.501204,73.858551,298
PUNE_SHP_LINE1_DIR0,18.500871,73.858441,299
PUNE_SHP_LINE1_DIR0,18.500715,73.858378,300
PUNE_SHP_LINE1_DIR0,18.499852,73.857907,301
PUNE_SHP_LINE1_DIR0,18.499847,73.857903,302
PUNE_SHP_LINE1_DIR0,18.499842,73.857899,303
PUNE_SHP_LINE1_DIR0,18.499842,73.857899,304
PUNE_SHP_LINE1_DIR1,18.499842,73.857899,1
PUNE_SHP_LINE1_DIR1,18.499842,73.857899,2
PUNE_SHP_LINE1_DIR1,18.499847,73.857903,3
PUNE_SHP_LINE1_DIR1,18.499852,73.857907,4
PUNE_SHP_LINE1_DIR1,18.500715,73.858378,5
PUNE_SHP_LINE1_DIR1,18.500871,73.858441,6
PUNE_SHP_LINE1_DIR1,18.501204,73.858551,7
PUNE_SHP_LINE1_DIR1,18.502782,73.858838,8
PUNE_SHP_LINE1_DIR1,18.504060,73.859035,9
PUNE_SHP_LINE1_DIR1,18.504144,73.859040,10
PUNE_SHP_LINE1_DIR1,18.504193,73.859041,11
PUNE_SHP_LINE1_DIR1,18.504249,73.859039,12
PUNE_SHP_LINE1_DIR1,18.504267,73.859037,13
PUNE_SHP_LINE1_DIR1,18.504293,73.859034,14
PUNE_SHP_LINE1_DIR1,18.504364,73.859020,15
PUNE_SHP_LINE1_DIR1,18.504972,73.858845,16
PUNE_SHP_LINE1_DIR1,18.505189,73.858786,17
PUNE_SHP_LINE1_DIR1,18.505266,73.858765,18
PUNE_SHP_LINE1_DIR1,18.505725,73.858639,19
PUNE_SHP_LINE1_DIR1,18.505794,73.858611,20
PUNE_SHP_LINE1_DIR1,18.505868,73.858575,21
PUNE_SHP_LINE1_DIR1,18.505955,73.858529,22
PUNE_SHP_LINE1_DIR1,18.506044,73.858461,23
PUNE_SHP_LINE1_DIR1,18.506129,73.858387,24
PUNE_SHP_LINE1_DIR1,18.506230,73.858301,25
PUNE_SHP_LINE1_DIR1,18.506389,73.858183,26
PUNE_SHP_LINE1_DIR1,18.506447,73.858144,27
PUNE_SHP_LINE1_DIR1,18.506536,73.858105,28
PUNE_SHP_LINE1_DIR1,18.506584,73.858092,29
PUNE_SHP_LINE1_DIR1,18.506671,73.858079,30
PUNE_SHP_LINE1_DIR1,18.506830,73.858073,31
PUNE_SHP_LINE1_DIR1,18.506867,73.858073,32
PUNE_SHP_LINE1_DIR1,18.508072,73.858040,33
PUNE_SHP_LINE1_DIR1,18.510106,73.857946,34
PUNE_SHP_LINE1_DIR1,18.510772,73.857918,35
PUNE_SHP_LINE1_DIR1,18.510892,73.857912,36
PUNE_SHP_LINE1_DIR1,18.510983,73.857902,37
PUNE_SHP_LINE1_DIR1,18.511065,73.857885,38
PUNE_SHP_LINE1_DIR1,18.511172,73.857855,39
PUNE_SHP_LINE1_DIR1,18.511248,73.857822,40
PUNE_SHP_LINE1_DIR1,18.512489,73.857043,41
PUNE_SHP_LINE1_DIR1,18.512677,73.856924,42
PUNE_SHP_LINE1_DIR1,18.513550,73.856530,43
PUNE_SHP_LINE1_DIR1,18.513788,73.856441,44
PUNE_SHP_LINE1_DIR1,18.513957,73.856400,45
PUNE_SHP_LINE1_DIR1,18.514172,73.856368,46
PUNE_SHP_LINE1_DIR1,18.514618,73.856335,47
PUNE_SHP_LINE1_DIR1,18.515381,73.856336,48
PUNE_SHP_LINE1_DIR1,18.517386,73.856251,49
PUNE_SHP_LINE1_DIR1,18.517714,73.856229,50
PUNE_SHP_LINE1_DIR1,18.517790,73.856231,51
PUNE_SHP_LINE1_DIR1,18.517832,73.856245,52
PUNE_SHP_LINE1_DIR1,18.517879,73.856260,53
PUNE_SHP_LINE1_DIR1,18.517925,73.856287,54
PUNE_SHP_LINE1_DIR1,18.517972,73.856327,55
PUNE_SHP_LINE1_DIR1,18.519554,73.857847,56
PUNE_SHP_LINE1_DIR1,18.521219,73.859379,57
PUNE_SHP_LINE1_DIR1,18.521470,73.859595,58
PUNE_SHP_LINE1_DIR1,18.521542,73.859657,59
PUNE_SHP_LINE1_DIR1,18.521729,73.859803,60
PUNE_SHP_LINE1_DIR1,18.522089,73.860042,61
PUNE_SHP_LINE1_DIR1,18.522796,73.860304,62
PUNE_SHP_LINE1_DIR1,18.523353,73.860232,63
PUNE_SHP_LINE1_DIR1,18.525603,73.859729,64
PUNE_SHP_LINE1_DIR1,18.525989,73.859375,65
PUNE_SHP_LINE1_DIR1,18.526484,73.858854,66
PUNE_SHP_LINE1_DIR1,18.526565,73.858414,67
PUNE_SHP_LINE1_DIR1,18.526775,73.857802,68
PUNE_SHP_LINE1_DIR1,18.527001,73.857146,69
PUNE_SHP_LINE1_DIR1,18.527273,73.855540,70
PUNE_SHP_LINE1_DIR1,18.527342,73.855031,71
PUNE_SHP_LINE1_DIR1,18.527807,73.853323,72
PUNE_SHP_LINE1_DIR1,18.528831,73.851605,73
PUNE_SHP_LINE1_DIR1,18.529626,73.850764,74
PUNE_SHP_LINE1_DIR1,18.530347,73.849967,75
PUNE_SHP_LINE1_DIR1,18.530782,73.849744,76
PUNE_SHP_LINE1_DIR1,18.531866,73.849513,77
PUNE_SHP_LINE1_DIR1,18.531941,73.849497,78
PUNE_SHP_LINE1_DIR1,18.532034,73.849474,79
PUNE_SHP_LINE1_DIR1,18.532104,73.849456,80
PUNE_SHP_LINE1_DIR1,18.534234,73.848912,81
PUNE_SHP_LINE1_DIR1,18.534585,73.848821,82
PUNE_SHP_LINE1_DIR1,18.534754,73.848766,83
PUNE_SHP_LINE1_DIR1,18.534832,73.848734,84
PUNE_SHP_LINE1_DIR1,18.534892,73.848702,85
PUNE_SHP_LINE1_DIR1,18.534992,73.848638,86
PUNE_SHP_LINE1_DIR1,18.535044,73.848597,87
PUNE_SHP_LINE1_DIR1,18.535126,73.848515,88
PUNE_SHP_LINE1_DIR1,18.535208,73.848420,89
PUNE_SHP_LINE1_DIR1,18.535268,73.848338,90
PUNE_SHP_LINE1_DIR1,18.535450,73.848100,91
PUNE_SHP_LINE1_DIR1,18.535537,73.848009,92
PUNE_SHP_LINE1_DIR1,18.535632,73.847927,93
PUNE_SHP_LINE1_DIR1,18.535701,73.847886,94
PUNE_SHP_LINE1_DIR1,18.535787,73.847850,95
PUNE_SHP_LINE1_DIR1,18.535861,73.847822,96
PUNE_SHP_LINE1_DIR1,18.535995,73.847800,97
PUNE_SHP_LINE1_DIR1,18.536994,73.847779,98
PUNE_SHP_LINE1_DIR1,18.537088,73.847772,99
PUNE_SHP_LINE1_DIR1,18.538734,73.847709,100
PUNE_SHP_LINE1_DIR1,18.541036,73.847614,101
PUNE_SHP_LINE1_DIR1,18.541586,73.847590,102
PUNE_SHP_LINE1_DIR1,18.542597,73.847542,103
PUNE_SHP_LINE1_DIR1,18.543914,73.847465,104
PUNE_SHP_LINE1_DIR1,18.544515,73.847430,105
PUNE_SHP_LINE1_DIR1,18.544886,73.847390,106
PUNE_SHP_LINE1_DIR1,18.545136,73.847340,107
PUNE_SHP_LINE1_DIR1,18.545375,73.847288,108
PUNE_SHP_LINE1_DIR1,18.545561,73.847237,109
PUNE_SHP_LINE1_DIR1,18.546120,73.847052,110
PUNE_SHP_LINE1_DIR1,18.546838,73.846802,111
PUNE_SHP_LINE1_DIR1,18.547111,73.846710,112
PUNE_SHP_LINE1_DIR1,18.547166,73.846693,113
PUNE_SHP_LINE1_DIR1,18.547394,73.846629,114
PUNE_SHP_LINE1_DIR1,18.547558,73.846586,115
PUNE_SHP_LINE1_DIR1,18.547983,73.846480,116
PUNE_SHP_LINE1_DIR1,18.549221,73.846181,117
PUNE_SHP_LINE1_DIR1,18.549938,73.845974,118
PUNE_SHP_LINE1_DIR1,18.550017,73.845952,119
PUNE_SHP_LINE1_DIR1,18.550267,73.845884,120
PUNE_SHP_LINE1_DIR1,18.551397,73.845603,121
PUNE_SHP_LINE1_DIR1,18.552502,73.845353,122
PUNE_SHP_LINE1_DIR1,18.552848,73.845265,123
PUNE_SHP_LINE1_DIR1,18.553394,73.845125,124
PUNE_SHP_LINE1_DIR1,18.553773,73.845031,125
PUNE_SHP_LINE1_DIR1,18.553878,73.845002,126
PUNE_SHP_LINE1_DIR1,18.554688,73.844765,127
PUNE_SHP_LINE1_DIR1,18.554962,73.844674,128
PUNE_SHP_LINE1_DIR1,18.555758,73.844418,129
PUNE_SHP_LINE1_DIR1,18.555882,73.844385,130
PUNE_SHP_LINE1_DIR1,18.555932,73.844373,131
PUNE_SHP_LINE1_DIR1,18.556032,73.844355,132
PUNE_SHP_LINE1_DIR1,18.556117,73.844342,133
PUNE_SHP_LINE1_DIR1,18.556223,73.844333,134
PUNE_SHP_LINE1_DIR1,18.556349,73.844332,135
PUNE_SHP_LINE1_DIR1,18.556464,73.844335,136
PUNE_SHP_LINE1_DIR1,18.556590,73.844345,137
PUNE_SHP_LINE1_DIR1,18.556644,73.844352,138
PUNE_SHP_LINE1_DIR1,18.557643,73.844490,139
PUNE_SHP_LINE1_DIR1,18.557912,73.844529,140
PUNE_SHP_LINE1_DIR1,18.558016,73.844540,141
PUNE_SHP_LINE1_DIR1,18.558154,73.844544,142
PUNE_SHP_LINE1_DIR1,18.558253,73.844541,143
PUNE_SHP_LINE1_DIR1,18.558322,73.844535,144
PUNE_SHP_LINE1_DIR1,18.558404,73.844524,145
PUNE_SHP_LINE1_DIR1,18.558469,73.844512,146
PUNE_SHP_LINE1_DIR1,18.558550,73.844495,147
PUNE_SHP_LINE1_DIR1,18.558618,73.844478,148
PUNE_SHP_LINE1_DIR1,18.558691,73.844455,149
PUNE_SHP_LINE1_DIR1,18.558789,73.844416,150
PUNE_SHP_LINE1_DIR1,18.558869,73.844380,151
PUNE_SHP_LINE1_DIR1,18.558956,73.844336,152
PUNE_SHP_LINE1_DIR1,18.559062,73.844274,153
PUNE_SHP_LINE1_DIR1,18.559142,73.844223,154
PUNE_SHP_LINE1_DIR1,18.559194,73.844188,155
PUNE_SHP_LINE1_DIR1,18.559244,73.844152,156
PUNE_SHP_LINE1_DIR1,18.559414,73.844024,157
PUNE_SHP_LINE1_DIR1,18.559624,73.843854,158
PUNE_SHP_LINE1_DIR1,18.559802,73.843719,159
PUNE_SHP_LINE1_DIR1,18.559945,73.843619,160
PUNE_SHP_LINE1_DIR1,18.560081,73.843530,161
PUNE_SHP_LINE1_DIR1,18.560241,73.843431,162
PUNE_SHP_LINE1_DIR1,18.560440,73.843311,163
PUNE_SHP_LINE1_DIR1,18.560813,73.843099,164
PUNE_SHP_LINE1_DIR1,18.561097,73.842933,165
PUNE_SHP_LINE1_DIR1,18.561275,73.842821,166
PUNE_SHP_LINE1_DIR1,18.561445,73.842711,167
PUNE_SHP_LINE1_DIR1,18.562094,73.842270,168
PUNE_SHP_LINE1_DIR1,18.562994,73.841637,169
PUNE_SHP_LINE1_DIR1,18.563797,73.841071,170
PUNE_SHP_LINE1_DIR1,18.564649,73.840483,171
PUNE_SHP_LINE1_DIR1,18.565011,73.840229,172
PUNE_SHP_LINE1_DIR1,18.565515,73.839878,173
PUNE_SHP_LINE1_DIR1,18.565743,73.839732,174
PUNE_SHP_LINE1_DIR1,18.566019,73.839576,175
PUNE_SHP_LINE1_DIR1,18.566099,73.839534,176
PUNE_SHP_LINE1_DIR1,18.566195,73.839488,177
PUNE_SHP_LINE1_DIR1,18.566303,73.839440,178
PUNE_SHP_LINE1_DIR1,18.566467,73.839373,179
PUNE_SHP_LINE1_DIR1,18.567057,73.839143,180
PUNE_SHP_LINE1_DIR1,18.567744,73.838877,181
PUNE_SHP_LINE1_DIR1,18.568482,73.838596,182
PUNE_SHP_LINE1_DIR1,18.569274,73.838295,183
PUNE_SHP_LINE1_DIR1,18.569687,73.838141,184
PUNE_SHP_LINE1_DIR1,18.569998,73.838019,185
PUNE_SHP_LINE1_DIR1,18.570959,73.837648,186
PUNE_SHP_LINE1_DIR1,18.571488,73.837444,187
PUNE_SHP_LINE1_DIR1,18.571978,73.837257,188
PUNE_SHP_LINE1_DIR1,18.572610,73.837025,189
PUNE_SHP_LINE1_DIR1,18.573297,73.836778,190
PUNE_SHP_LINE1_DIR1,18.573354,73.836758,191
PUNE_SHP_LINE1_DIR1,18.574257,73.836441,192
PUNE_SHP_LINE1_DIR1,18.574298,73.836427,193
PUNE_SHP_LINE1_DIR1,18.574908,73.836197,194
PUNE_SHP_LINE1_DIR1,18.575232,73.836079,195
PUNE_SHP_LINE1_DIR1,18.575852,73.835849,196
PUNE_SHP_LINE1_DIR1,18.576112,73.835747,197
PUNE_SHP_LINE1_DIR1,18.576453,73.835616,198
PUNE_SHP_LINE1_DIR1,18.576661,73.835546,199
PUNE_SHP_LINE1_DIR1,18.576878,73.835476,200
PUNE_SHP_LINE1_DIR1,18.576963,73.835452,201
PUNE_SHP_LINE1_DIR1,18.577174,73.835398,202
PUNE_SHP_LINE1_DIR1,18.577821,73.835240,203
PUNE_SHP_LINE1_DIR1,18.578479,73.835084,204
PUNE_SHP_LINE1_DIR1,18.579186,73.834920,205
PUNE_SHP_LINE1_DIR1,18.579879,73.834753,206
PUNE_SHP_LINE1_DIR1,18.580447,73.834611,207
PUNE_SHP_LINE1_DIR1,18.581725,73.834297,208
PUNE_SHP_LINE1_DIR1,18.582349,73.834151,209
PUNE_SHP_LINE1_DIR1,18.582811,73.834037,210
PUNE_SHP_LINE1_DIR1,18.583510,73.833877,211
PUNE_SHP_LINE1_DIR1,18.583796,73.833806,212
PUNE_SHP_LINE1_DIR1,18.584419,73.833653,213
PUNE_SHP_LINE1_DIR1,18.584985,73.833509,214
PUNE_SHP_LINE1_DIR1,18.585575,73.833349,215
PUNE_SHP_LINE1_DIR1,18.586700,73.833011,216
PUNE_SHP_LINE1_DIR1,18.586800,73.832981,217
PUNE_SHP_LINE1_DIR1,18.587322,73.832828,218
PUNE_SHP_LINE1_DIR1,18.587636,73.832732,219
PUNE_SHP_LINE1_DIR1,18.587994,73.832608,220
PUNE_SHP_LINE1_DIR1,18.588561,73.832372,221
PUNE_SHP_LINE1_DIR1,18.589344,73.832012,222
PUNE_SHP_LINE1_DIR1,18.590170,73.831641,223
PUNE_SHP_LINE1_DIR1,18.591177,73.831190,224
PUNE_SHP_LINE1_DIR1,18.592092,73.830762,225
PUNE_SHP_LINE1_DIR1,18.592681,73.830483,226
PUNE_SHP_LINE1_DIR1,18.593640,73.830053,227
PUNE_SHP_LINE1_DIR1,18.594513,73.829641,228
PUNE_SHP_LINE1_DIR1,18.594992,73.829426,229
PUNE_SHP_LINE1_DIR1,18.595589,73.829158,230
PUNE_SHP_LINE1_DIR1,18.597020,73.828511,231
PUNE_SHP_LINE1_DIR1,18.597688,73.828209,232
PUNE_SHP_LINE1_DIR1,18.598429,73.827866,233
PUNE_SHP_LINE1_DIR1,18.598551,73.827811,234
PUNE_SHP_LINE1_DIR1,18.599616,73.827341,235
PUNE_SHP_LINE1_DIR1,18.599676,73.827312,236
PUNE_SHP_LINE1_DIR1,18.600763,73.826798,237
PUNE_SHP_LINE1_DIR1,18.600943,73.826707,238
PUNE_SHP_LINE1_DIR1,18.601205,73.826561,239
PUNE_SHP_LINE1_DIR1,18.601556,73.826355,240
PUNE_SHP_LINE1_DIR1,18.601730,73.826251,241
PUNE_SHP_LINE1_DIR1,18.602257,73.825939,242
PUNE_SHP_LINE1_DIR1,18.602793,73.825612,243
PUNE_SHP_LINE1_DIR1,18.602986,73.825484,244
PUNE_SHP_LINE1_DIR1,18.603020,73.825460,245
PUNE_SHP_LINE1_DIR1,18.603243,73.825295,246
PUNE_SHP_LINE1_DIR1,18.604173,73.824567,247
PUNE_SHP_LINE1_DIR1,18.604503,73.824288,248
PUNE_SHP_LINE1_DIR1,18.605228,73.823689,249
PUNE_SHP_LINE1_DIR1,18.605863,73.823136,250
PUNE_SHP_LINE1_DIR1,18.606579,73.822507,251
PUNE_SHP_LINE1_DIR1,18.607137,73.822035,252
PUNE_SHP_LINE1_DIR1,18.608128,73.821197,253
PUNE_SHP_LINE1_DIR1,18.608500,73.820872,254
PUNE_SHP_LINE1_DIR1,18.609090,73.820388,255
PUNE_SHP_LINE1_DIR1,18.609412,73.820114,256
PUNE_SHP_LINE1_DIR1,18.609575,73.819976,257
PUNE_SHP_LINE1_DIR1,18.609884,73.819706,258
PUNE_SHP_LINE1_DIR1,18.610688,73.819010,259
PUNE_SHP_LINE1_DIR1,18.610897,73.818836,260
PUNE_SHP_LINE1_DIR1,18.611484,73.818376,261
PUNE_SHP_LINE1_DIR1,18.612063,73.817933,262
PUNE_SHP_LINE1_DIR1,18.612333,73.817714,263
PUNE_SHP_LINE1_DIR1,18.612800,73.817332,264
PUNE_SHP_LINE1_DIR1,18.613274,73.816911,265
PUNE_SHP_LINE1_DIR1,18.613627,73.816601,266
PUNE_SHP_LINE1_DIR1,18.614174,73.816137,267
PUNE_SHP_LINE1_DIR1,18.614581,73.815787,268
PUNE_SHP_LINE1_DIR1,18.614658,73.815721,269
PUNE_SHP_LINE1_DIR1,18.615793,73.814722,270
PUNE_SHP_LINE1_DIR1,18.616322,73.814263,271
PUNE_SHP_LINE1_DIR1,18.617149,73.813544,272
PUNE_SHP_LINE1_DIR1,18.617861,73.812922,273
PUNE_SHP_LINE1_DIR1,18.618858,73.812080,274
PUNE_SHP_LINE1_DIR1,18.619548,73.811496,275
PUNE_SHP_LINE1_DIR1,18.620407,73.810745,276
PUNE_SHP_LINE1_DIR1,18.621128,73.810135,277
PUNE_SHP_LINE1_DIR1,18.621398,73.809907,278
PUNE_SHP_LINE1_DIR1,18.622205,73.809203,279
PUNE_SHP_LINE1_DIR1,18.622333,73.809091,280
PUNE_SHP_LINE1_DIR1,18.622565,73.808895,281
PUNE_SHP_LINE1_DIR1,18.622875,73.808633,282
PUNE_SHP_LINE1_DIR1,18.622996,73.808531,283
PUNE_SHP_LINE1_DIR1,18.623673,73.807946,284
PUNE_SHP_LINE1_DIR1,18.623704,73.807918,285
PUNE_SHP_LINE1_DIR1,18.623868,73.807779,286
PUNE_SHP_LINE1_DIR1,18.624110,73.807578,287
PUNE_SHP_LINE1_DIR1,18.624206,73.807504,288
PUNE_SHP_LINE1_DIR1,18.624313,73.807429,289
PUNE_SHP_LINE1_DIR1,18.624488,73.807316,290
PUNE_SHP_LINE1_DIR1,18.624646,73.807221,291
PUNE_SHP_LINE1_DIR1,18.624868,73.807090,292
PUNE_SHP_LINE1_DIR1,18.624951,73.807035,293
PUNE_SHP_LINE1_DIR1,18.624966,73.807025,294
PUNE_SHP_LINE1_DIR1,18.625125,73.806905,295
PUNE_SHP_LINE1_DIR1,18.625179,73.806860,296
PUNE_SHP_LINE1_DIR1,18.625416,73.806659,297
PUNE_SHP_LINE1_DIR1,18.625869,73.806277,298
PUNE_SHP_LINE1_DIR1,18.626551,73.805686,299
PUNE_SHP_LINE1_DIR1,18.627427,73.804945,300
PUNE_SHP_LINE1_DIR1,18.628012,73.804451,301
PUNE_SHP_LINE1_DIR1,18.628944,73.803683,302
PUNE_SHP_LINE1_DIR1,18.629370,73.803333,303
PUNE_SHP_LINE1_DIR1,18.629370,73.803333,304
PUNE_SHP_LINE2_DIR0,18.507223,73.805315,1
PUNE_SHP_LINE2_DIR0,18.507223,73.805315,2
PUNE_SHP_LINE2_DIR0,18.507327,73.806281,3
PUNE_SHP_LINE2_DIR0,18.507364,73.806645,4
PUNE_SHP_LINE2_DIR0,18.507428,73.807276,5
PUNE_SHP_LINE2_DIR0,18.507445,73.807429,6
PUNE_SHP_LINE2_DIR0,18.507460,73.807536,7
PUNE_SHP_LINE2_DIR0,18.507471,73.807597,8
PUNE_SHP_LINE2_DIR0,18.507490,73.807686,9
PUNE_SHP_LINE2_DIR0,18.507515,73.807783,10
PUNE_SHP_LINE2_DIR0,18.507528,73.807828,11
PUNE_SHP_LINE2_DIR0,18.507565,73.807939,12
PUNE_SHP_LINE2_DIR0,18.507594,73.808011,13
PUNE_SHP_LINE2_DIR0,18.507625,73.808082,14
PUNE_SHP_LINE2_DIR0,18.507678,73.808182,15
PUNE_SHP_LINE2_DIR0,18.507778,73.808347,16
PUNE_SHP_LINE2_DIR0,18.507932,73.808564,17
PUNE_SHP_LINE2_DIR0,18.507960,73.808606,18
PUNE_SHP_LINE2_DIR0,18.508001,73.808672,19
PUNE_SHP_LINE2_DIR0,18.508024,73.808710,20
PUNE_SHP_LINE2_DIR0,18.508036,73.808731,21
PUNE_SHP_LINE2_DIR0,18.508059,73.808778,22
PUNE_SHP_LINE2_DIR0,18.508076,73.808814,23
PUNE_SHP_LINE2_DIR0,18.508122,73.808927,24
PUNE_SHP_LINE2_DIR0,18.508151,73.809004,25
PUNE_SHP_LINE2_DIR0,18.508160,73.809028,26
PUNE_SHP_LINE2_DIR0,18.508178,73.809086,27
PUNE_SHP_LINE2_DIR0,18.508197,73.809152,28
PUNE_SHP_LINE2_DIR0,18.508211,73.809212,29
PUNE_SHP_LINE2_DIR0,18.508223,73.809270,30
PUNE_SHP_LINE2_DIR0,18.508233,73.809333,31
PUNE_SHP_LINE2_DIR0,18.508268,73.809581,32
PUNE_SHP_LINE2_DIR0,18.508299,73.809810,33
PUNE_SHP_LINE2_DIR0,18.508317,73.809944,34
PUNE_SHP_LINE2_DIR0,18.508326,73.809988,35
PUNE_SHP_LINE2_DIR0,18.508344,73.810071,36
PUNE_SHP_LINE2_DIR0,18.508360,73.810131,37
PUNE_SHP_LINE2_DIR0,18.508376,73.810182,38
PUNE_SHP_LINE2_DIR0,18.508388,73.810219,39
PUNE_SHP_LINE2_DIR0,18.508405,73.810264,40
PUNE_SHP_LINE2_DIR0,18.508432,73.810328,41
PUNE_SHP_LINE2_DIR0,18.508451,73.810371,42
PUNE_SHP_LINE2_DIR0,18.508484,73.810436,43
PUNE_SHP_LINE2_DIR0,18.508520,73.810505,44
PUNE_SHP_LINE2_DIR0,18.508577,73.810601,45
PUNE_SHP_LINE2_DIR0,18.508618,73.810665,46
PUNE_SHP_LINE2_DIR0,18.508632,73.810686,47
PUNE_SHP_LINE2_DIR0,18.508700,73.810777,48
PUNE_SHP_LINE2_DIR0,18.508888,73.811009,49
PUNE_SHP_LINE2_DIR0,18.508992,73.811139,50
PUNE_SHP_LINE2_DIR0,18.509079,73.811252,51
PUNE_SHP_LINE2_DIR0,18.509107,73.811290,52
PUNE_SHP_LINE2_DIR0,18.509156,73.811366,53
PUNE_SHP_LINE2_DIR0,18.509203,73.811448,54
PUNE_SHP_LINE2_DIR0,18.509252,73.811542,55
PUNE_SHP_LINE2_DIR0,18.509297,73.811632,56
PUNE_SHP_LINE2_DIR0,18.509321,73.811687,57
PUNE_SHP_LINE2_DIR0,18.509350,73.811758,58
PUNE_SHP_LINE2_DIR0,18.509370,73.811813,59
PUNE_SHP_LINE2_DIR0,18.509376,73.811833,60
PUNE_SHP_LINE2_DIR0,18.509403,73.811923,61
PUNE_SHP_LINE2_DIR0,18.509408,73.811944,62
PUNE_SHP_LINE2_DIR0,18.509432,73.812051,63
PUNE_SHP_LINE2_DIR0,18.509446,73.812134,64
PUNE_SHP_LINE2_DIR0,18.509461,73.812235,65
PUNE_SHP_LINE2_DIR0,18.509471,73.812330,66
PUNE_SHP_LINE2_DIR0,18.509475,73.812390,67
PUNE_SHP_LINE2_DIR0,18.509488,73.812639,68
PUNE_SHP_LINE2_DIR0,18.509509,73.812995,69
PUNE_SHP_LINE2_DIR0,18.509522,73.813277,70
PUNE_SHP_LINE2_DIR0,18.509528,73.813350,71
PUNE_SHP_LINE2_DIR0,18.509550,73.813551,72
PUNE_SHP_LINE2_DIR0,18.509604,73.813965,73
PUNE_SHP_LINE2_DIR0,18.509609,73.814001,74
PUNE_SHP_LINE2_DIR0,18.509641,73.814205,75
PUNE_SHP_LINE2_DIR0,18.509647,73.814248,76
PUNE_SHP_LINE2_DIR0,18.509668,73.814372,77
PUNE_SHP_LINE2_DIR0,18.509731,73.814717,78
PUNE_SHP_LINE2_DIR0,18.509757,73.814854,79
PUNE_SHP_LINE2_DIR0,18.509819,73.815151,80
PUNE_SHP_LINE2_DIR0,18.509868,73.815373,81
PUNE_SHP_LINE2_DIR0,18.509974,73.815866,82
PUNE_SHP_LINE2_DIR0,18.510091,73.816429,83
PUNE_SHP_LINE2_DIR0,18.510222,73.817009,84
PUNE_SHP_LINE2_DIR0,18.510240,73.817091,85
PUNE_SHP_LINE2_DIR0,18.510282,73.817286,86
PUNE_SHP_LINE2_DIR0,18.510293,73.817341,87
PUNE_SHP_LINE2_DIR0,18.510317,73.817474,88
PUNE_SHP_LINE2_DIR0,18.510335,73.817581,89
PUNE_SHP_LINE2_DIR0,18.510385,73.817880,90
PUNE_SHP_LINE2_DIR0,18.510399,73.817996,91
PUNE_SHP_LINE2_DIR0,18.510408,73.818089,92
PUNE_SHP_LINE2_DIR0,18.510435,73.818383,93
PUNE_SHP_LINE2_DIR0,18.510468,73.818825,94
PUNE_SHP_LINE2_DIR0,18.510492,73.819214,95
PUNE_SHP_LINE2_DIR0,18.510501,73.819397,96
PUNE_SHP_LINE2_DIR0,18.510506,73.819631,97
PUNE_SHP_LINE2_DIR0,18.510504,73.819697,98
PUNE_SHP_LINE2_DIR0,18.510497,73.819804,99
PUNE_SHP_LINE2_DIR0,18.510488,73.819882,100
PUNE_SHP_LINE2_DIR0,18.510477,73.819975,101
PUNE_SHP_LINE2_DIR0,18.510454,73.820107,102
PUNE_SHP_LINE2_DIR0,18.510428,73.820234,103
PUNE_SHP_LINE2_DIR0,18.510412,73.820297,104
PUNE_SHP_LINE2_DIR0,18.510381,73.820399,105
PUNE_SHP_LINE2_DIR0,18.510348,73.820490,106
PUNE_SHP_LINE2_DIR0,18.510315,73.820573,107
PUNE_SHP_LINE2_DIR0,18.510294,73.820620,108
PUNE_SHP_LINE2_DIR0,18.510235,73.820739,109
PUNE_SHP_LINE2_DIR0,18.510161,73.820876,110
PUNE_SHP_LINE2_DIR0,18.510089,73.820987,111
PUNE_SHP_LINE2_DIR0,18.509991,73.821122,112
PUNE_SHP_LINE2_DIR0,18.509898,73.821239,113
PUNE_SHP_LINE2_DIR0,18.509827,73.821316,114
PUNE_SHP_LINE2_DIR0,18.509699,73.821443,115
PUNE_SHP_LINE2_DIR0,18.509483,73.821645,116
PUNE_SHP_LINE2_DIR0,18.508937,73.822138,117
PUNE_SHP_LINE2_DIR0,18.508412,73.822612,118
PUNE_SHP_LINE2_DIR0,18.508217,73.822785,119
PUNE_SHP_LINE2_DIR0,18.507568,73.823327,120
PUNE_SHP_LINE2_DIR0,18.507087,73.823716,121
PUNE_SHP_LINE2_DIR0,18.506989,73.823802,122
PUNE_SHP_LINE2_DIR0,18.506901,73.823882,123
PUNE_SHP_LINE2_DIR0,18.506848,73.823935,124
PUNE_SHP_LINE2_DIR0,18.506765,73.824027,125
PUNE_SHP_LINE2_DIR0,18.506736,73.824062,126
PUNE_SHP_LINE2_DIR0,18.506704,73.824106,127
PUNE_SHP_LINE2_DIR0,18.506660,73.824173,128
PUNE_SHP_LINE2_DIR0,18.506498,73.824432,129
PUNE_SHP_LINE2_DIR0,18.506283,73.824823,130
PUNE_SHP_LINE2_DIR0,18.506261,73.824872,131
PUNE_SHP_LINE2_DIR0,18.506239,73.824931,132
PUNE_SHP_LINE2_DIR0,18.506215,73.825006,133
PUNE_SHP_LINE2_DIR0,18.506209,73.825028,134
PUNE_SHP_LINE2_DIR0,18.506191,73.825097,135
PUNE_SHP_LINE2_DIR0,18.506172,73.825189,136
PUNE_SHP_LINE2_DIR0,18.506157,73.825293,137
PUNE_SHP_LINE2_DIR0,18.506156,73.825308,138
PUNE_SHP_LINE2_DIR0,18.506149,73.825378,139
PUNE_SHP_LINE2_DIR0,18.506148,73.825416,140
PUNE_SHP_LINE2_DIR0,18.506148,73.825473,141
PUNE_SHP_LINE2_DIR0,18.506149,73.825545,142
PUNE_SHP_LINE2_DIR0,18.506152,73.825587,143
PUNE_SHP_LINE2_DIR0,18.506157,73.825652,144
PUNE_SHP_LINE2_DIR0,18.506166,73.825715,145
PUNE_SHP_LINE2_DIR0,18.506175,73.825761,146
PUNE_SHP_LINE2_DIR0,18.506191,73.825838,147
PUNE_SHP_LINE2_DIR0,18.506209,73.825912,148
PUNE_SHP_LINE2_DIR0,18.506218,73.825943,149
PUNE_SHP_LINE2_DIR0,18.506233,73.825990,150
PUNE_SHP_LINE2_DIR0,18.506256,73.826050,151
PUNE_SHP_LINE2_DIR0,18.506345,73.826250,152
PUNE_SHP_LINE2_DIR0,18.506584,73.826747,153
PUNE_SHP_LINE2_DIR0,18.506702,73.827009,154
PUNE_SHP_LINE2_DIR0,18.506713,73.827034,155
PUNE_SHP_LINE2_DIR0,18.506733,73.827084,156
PUNE_SHP_LINE2_DIR0,18.506754,73.827143,157
PUNE_SHP_LINE2_DIR0,18.506770,73.827197,158
PUNE_SHP_LINE2_DIR0,18.506813,73.827345,159
PUNE_SHP_LINE2_DIR0,18.506825,73.827391,160
PUNE_SHP_LINE2_DIR0,18.506829,73.827411,161
PUNE_SHP_LINE2_DIR0,18.506873,73.827600,162
PUNE_SHP_LINE2_DIR0,18.506883,73.827638,163
PUNE_SHP_LINE2_DIR0,18.506900,73.827700,164
PUNE_SHP_LINE2_DIR0,18.506928,73.827787,165
PUNE_SHP_LINE2_DIR0,18.506937,73.827813,166
PUNE_SHP_LINE2_DIR0,18.506971,73.827899,167
PUNE_SHP_LINE2_DIR0,18.507001,73.827970,168
PUNE_SHP_LINE2_DIR0,18.507076,73.828125,169
PUNE_SHP_LINE2_DIR0,18.507432,73.828816,170
PUNE_SHP_LINE2_DIR0,18.507463,73.828880,171
PUNE_SHP_LINE2_DIR0,18.507692,73.829364,172
PUNE_SHP_LINE2_DIR0,18.508002,73.829982,173
PUNE_SHP_LINE2_DIR0,18.508330,73.830628,174
PUNE_SHP_LINE2_DIR0,18.508724,73.831397,175
PUNE_SHP_LINE2_DIR0,18.509109,73.832129,176
PUNE_SHP_LINE2_DIR0,18.509364,73.832618,177
PUNE_SHP_LINE2_DIR0,18.509690,73.833238,178
PUNE_SHP_LINE2_DIR0,18.510004,73.833850,179
PUNE_SHP_LINE2_DIR0,18.510114,73.834055,180
PUNE_SHP_LINE2_DIR0,18.510172,73.834166,181
PUNE_SHP_LINE2_DIR0,18.510252,73.834334,182
PUNE_SHP_LINE2_DIR0,18.510383,73.834614,183
PUNE_SHP_LINE2_DIR0,18.510669,73.835286,184
PUNE_SHP_LINE2_DIR0,18.511006,73.836028,185
PUNE_SHP_LINE2_DIR0,18.511418,73.836824,186
PUNE_SHP_LINE2_DIR0,18.511712,73.837391,187
PUNE_SHP_LINE2_DIR0,18.512054,73.838036,188
PUNE_SHP_LINE2_DIR0,18.512072,73.838071,189
PUNE_SHP_LINE2_DIR0,18.512603,73.839210,190
PUNE_SHP_LINE2_DIR0,18.512672,73.839358,191
PUNE_SHP_LINE2_DIR0,18.512727,73.839478,192
PUNE_SHP_LINE2_DIR0,18.512799,73.839646,193
PUNE_SHP_LINE2_DIR0,18.512984,73.840122,194
PUNE_SHP_LINE2_DIR0,18.513277,73.840893,195
PUNE_SHP_LINE2_DIR0,18.513533,73.841546,196
PUNE_SHP_LINE2_DIR0,18.513680,73.841930,197
PUNE_SHP_LINE2_DIR0,18.513766,73.842149,198
PUNE_SHP_LINE2_DIR0,18.513818,73.842267,199
PUNE_SHP_LINE2_DIR0,18.513866,73.842371,200
PUNE_SHP_LINE2_DIR0,18.513913,73.842460,201
PUNE_SHP_LINE2_DIR0,18.513980,73.842569,202
PUNE_SHP_LINE2_DIR0,18.514004,73.842606,203
PUNE_SHP_LINE2_DIR0,18.514083,73.842706,204
PUNE_SHP_LINE2_DIR0,18.514160,73.842800,205
PUNE_SHP_LINE2_DIR0,18.514198,73.842841,206
PUNE_SHP_LINE2_DIR0,18.514279,73.842916,207
PUNE_SHP_LINE2_DIR0,18.514327,73.842958,208
PUNE_SHP_LINE2_DIR0,18.514374,73.842996,209
PUNE_SHP_LINE2_DIR0,18.514472,73.843067,210
PUNE_SHP_LINE2_DIR0,18.514597,73.843152,211
PUNE_SHP_LINE2_DIR0,18.514840,73.843298,212
PUNE_SHP_LINE2_DIR0,18.515059,73.843443,213
PUNE_SHP_LINE2_DIR0,18.515341,73.843634,214
PUNE_SHP_LINE2_DIR0,18.516088,73.844186,215
PUNE_SHP_LINE2_DIR0,18.516411,73.844427,216
PUNE_SHP_LINE2_DIR0,18.516502,73.844494,217
PUNE_SHP_LINE2_DIR0,18.516998,73.844852,218
PUNE_SHP_LINE2_DIR0,18.517495,73.845218,219
PUNE_SHP_LINE2_DIR0,18.517664,73.845341,220
PUNE_SHP_LINE2_DIR0,18.517876,73.845503,221
PUNE_SHP_LINE2_DIR0,18.518151,73.845723,222
PUNE_SHP_LINE2_DIR0,18.518696,73.846162,223
PUNE_SHP_LINE2_DIR0,18.518976,73.846385,224
PUNE_SHP_LINE2_DIR0,18.519330,73.846659,225
PUNE_SHP_LINE2_DIR0,18.519451,73.846764,226
PUNE_SHP_LINE2_DIR0,18.519531,73.846839,227
PUNE_SHP_LINE2_DIR0,18.519576,73.846884,228
PUNE_SHP_LINE2_DIR0,18.519693,73.846998,229
PUNE_SHP_LINE2_DIR0,18.520187,73.847518,230
PUNE_SHP_LINE2_DIR0,18.520631,73.847986,231
PUNE_SHP_LINE2_DIR0,18.520749,73.848107,232
PUNE_SHP_LINE2_DIR0,18.520819,73.848187,233
PUNE_SHP_LINE2_DIR0,18.520853,73.848228,234
PUNE_SHP_LINE2_DIR0,18.520899,73.848289,235
PUNE_SHP_LINE2_DIR0,18.520920,73.848319,236
PUNE_SHP_LINE2_DIR0,18.520979,73.848413,237
PUNE_SHP_LINE2_DIR0,18.521008,73.848460,238
PUNE_SHP_LINE2_DIR0,18.521028,73.848495,239
PUNE_SHP_LINE2_DIR0,18.521034,73.848506,240
PUNE_SHP_LINE2_DIR0,18.521071,73.848582,241
PUNE_SHP_LINE2_DIR0,18.521095,73.848633,242
PUNE_SHP_LINE2_DIR0,18.521218,73.848894,243
PUNE_SHP_LINE2_DIR0,18.521296,73.849071,244
PUNE_SHP_LINE2_DIR0,18.521359,73.849231,245
PUNE_SHP_LINE2_DIR0,18.521387,73.849314,246
PUNE_SHP_LINE2_DIR0,18.521403,73.849376,247
PUNE_SHP_LINE2_DIR0,18.521424,73.849467,248
PUNE_SHP_LINE2_DIR0,18.521460,73.849622,249
PUNE_SHP_LINE2_DIR0,18.521547,73.850009,250
PUNE_SHP_LINE2_DIR0,18.521638,73.850392,251
PUNE_SHP_LINE2_DIR0,18.521650,73.850443,252
PUNE_SHP_LINE2_DIR0,18.521752,73.850849,253
PUNE_SHP_LINE2_DIR0,18.521778,73.850941,254
PUNE_SHP_LINE2_DIR0,18.521809,73.851040,255
PUNE_SHP_LINE2_DIR0,18.521858,73.851184,256
PUNE_SHP_LINE2_DIR0,18.521921,73.851359,257
PUNE_SHP_LINE2_DIR0,18.522059,73.851691,258
PUNE_SHP_LINE2_DIR0,18.522269,73.852194,259
PUNE_SHP_LINE2_DIR0,18.522321,73.852311,260
PUNE_SHP_LINE2_DIR0,18.522517,73.852768,261
PUNE_SHP_LINE2_DIR0,18.522830,73.853520,262
PUNE_SHP_LINE2_DIR0,18.522918,73.853730,263
PUNE_SHP_LINE2_DIR0,18.522936,73.853773,264
PUNE_SHP_LINE2_DIR0,18.523136,73.854250,265
PUNE_SHP_LINE2_DIR0,18.523220,73.854449,266
PUNE_SHP_LINE2_DIR0,18.523300,73.854625,267
PUNE_SHP_LINE2_DIR0,18.523337,73.854701,268
PUNE_SHP_LINE2_DIR0,18.523395,73.854809,269
PUNE_SHP_LINE2_DIR0,18.523433,73.854875,270
PUNE_SHP_LINE2_DIR0,18.523479,73.854950,271
PUNE_SHP_LINE2_DIR0,18.523495,73.854975,272
PUNE_SHP_LINE2_DIR0,18.523568,73.855080,273
PUNE_SHP_LINE2_DIR0,18.523603,73.855130,274
PUNE_SHP_LINE2_DIR0,18.523658,73.855203,275
PUNE_SHP_LINE2_DIR0,18.523712,73.855272,276
PUNE_SHP_LINE2_DIR0,18.523790,73.855360,277
PUNE_SHP_LINE2_DIR0,18.523875,73.855448,278
PUNE_SHP_LINE2_DIR0,18.523959,73.855533,279
PUNE_SHP_LINE2_DIR0,18.524061,73.855625,280
PUNE_SHP_LINE2_DIR0,18.524137,73.855691,281
PUNE_SHP_LINE2_DIR0,18.524429,73.855938,282
PUNE_SHP_LINE2_DIR0,18.524806,73.856276,283
PUNE_SHP_LINE2_DIR0,18.525131,73.856584,284
PUNE_SHP_LINE2_DIR0,18.525242,73.856691,285
PUNE_SHP_LINE2_DIR0,18.525293,73.856735,286
PUNE_SHP_LINE2_DIR0,18.525382,73.856806,287
PUNE_SHP_LINE2_DIR0,18.525455,73.856860,288
PUNE_SHP_LINE2_DIR0,18.526118,73.857333,289
PUNE_SHP_LINE2_DIR0,18.526775,73.857802,290
PUNE_SHP_LINE2_DIR0,18.526784,73.857808,291
PUNE_SHP_LINE2_DIR0,18.527449,73.858284,292
PUNE_SHP_LINE2_DIR0,18.528119,73.858768,293
PUNE_SHP_LINE2_DIR0,18.528947,73.859382,294
PUNE_SHP_LINE2_DIR0,18.529003,73.859427,295
PUNE_SHP_LINE2_DIR0,18.529047,73.859465,296
PUNE_SHP_LINE2_DIR0,18.529094,73.859510,297
PUNE_SHP_LINE2_DIR0,18.529119,73.859536,298
PUNE_SHP_LINE2_DIR0,18.529177,73.859601,299
PUNE_SHP_LINE2_DIR0,18.529228,73.859666,300
PUNE_SHP_LINE2_DIR0,18.529278,73.859734,301
PUNE_SHP_LINE2_DIR0,18.529320,73.859802,302
PUNE_SHP_LINE2_DIR0,18.529398,73.859933,303
PUNE_SHP_LINE2_DIR0,18.529445,73.860032,304
PUNE_SHP_LINE2_DIR0,18.529482,73.860121,305
PUNE_SHP_LINE2_DIR0,18.529518,73.860224,306
PUNE_SHP_LINE2_DIR0,18.529541,73.860298,307
PUNE_SHP_LINE2_DIR0,18.529554,73.860352,308
PUNE_SHP_LINE2_DIR0,18.529567,73.860407,309
PUNE_SHP_LINE2_DIR0,18.529579,73.860471,310
PUNE_SHP_LINE2_DIR0,18.529590,73.860541,311
PUNE_SHP_LINE2_DIR0,18.529597,73.860613,312
PUNE_SHP_LINE2_DIR0,18.529601,73.860673,313
PUNE_SHP_LINE2_DIR0,18.529604,73.860763,314
PUNE_SHP_LINE2_DIR0,18.529598,73.860916,315
PUNE_SHP_LINE2_DIR0,18.529589,73.861059,316
PUNE_SHP_LINE2_DIR0,18.529580,73.861221,317
PUNE_SHP_LINE2_DIR0,18.529578,73.861352,318
PUNE_SHP_LINE2_DIR0,18.529579,73.861419,319
PUNE_SHP_LINE2_DIR0,18.529585,73.861539,320
PUNE_SHP_LINE2_DIR0,18.529591,73.861625,321
PUNE_SHP_LINE2_DIR0,18.529611,73.861877,322
PUNE_SHP_LINE2_DIR0,18.529635,73.862117,323
PUNE_SHP_LINE2_DIR0,18.529646,73.862221,324
PUNE_SHP_LINE2_DIR0,18.529667,73.862381,325
PUNE_SHP_LINE2_DIR0,18.529673,73.862416,326
PUNE_SHP_LINE2_DIR0,18.529692,73.862525,327
PUNE_SHP_LINE2_DIR0,18.529700,73.862568,328
PUNE_SHP_LINE2_DIR0,18.529731,73.862711,329
PUNE_SHP_LINE2_DIR0,18.529861,73.863258,330
PUNE_SHP_LINE2_DIR0,18.529917,73.863496,331
PUNE_SHP_LINE2_DIR0,18.529941,73.863613,332
PUNE_SHP_LINE2_DIR0,18.529971,73.863801,333
PUNE_SHP_LINE2_DIR0,18.529999,73.864045,334
PUNE_SHP_LINE2_DIR0,18.530022,73.864374,335
PUNE_SHP_LINE2_DIR0,18.530060,73.865199,336
PUNE_SHP_LINE2_DIR0,18.530106,73.866213,337
PUNE_SHP_LINE2_DIR0,18.530146,73.867043,338
PUNE_SHP_LINE2_DIR0,18.530165,73.867469,339
PUNE_SHP_LINE2_DIR0,18.530171,73.867594,340
PUNE_SHP_LINE2_DIR0,18.530174,73.867700,341
PUNE_SHP_LINE2_DIR0,18.530174,73.867791,342
PUNE_SHP_LINE2_DIR0,18.530172,73.867973,343
PUNE_SHP_LINE2_DIR0,18.530159,73.868142,344
PUNE_SHP_LINE2_DIR0,18.530141,73.868290,345
PUNE_SHP_LINE2_DIR0,18.530127,73.868372,346
PUNE_SHP_LINE2_DIR0,18.530110,73.868456,347
PUNE_SHP_LINE2_DIR0,18.530088,73.868534,348
PUNE_SHP_LINE2_DIR0,18.530021,73.868760,349
PUNE_SHP_LINE2_DIR0,18.529913,73.869102,350
PUNE_SHP_LINE2_DIR0,18.529884,73.869203,351
PUNE_SHP_LINE2_DIR0,18.529846,73.869351,352
PUNE_SHP_LINE2_DIR0,18.529810,73.869502,353
PUNE_SHP_LINE2_DIR0,18.529802,73.869542,354
PUNE_SHP_LINE2_DIR0,18.529781,73.869636,355
PUNE_SHP_LINE2_DIR0,18.529769,73.869702,356
PUNE_SHP_LINE2_DIR0,18.529754,73.869798,357
PUNE_SHP_LINE2_DIR0,18.529738,73.869917,358
PUNE_SHP_LINE2_DIR0,18.529706,73.870120,359
PUNE_SHP_LINE2_DIR0,18.529692,73.870237,360
PUNE_SHP_LINE2_DIR0,18.529686,73.870307,361
PUNE_SHP_LINE2_DIR0,18.529679,73.870410,362
PUNE_SHP_LINE2_DIR0,18.529672,73.870562,363
PUNE_SHP_LINE2_DIR0,18.529664,73.870816,364
PUNE_SHP_LINE2_DIR0,18.529663,73.870916,365
PUNE_SHP_LINE2_DIR0,18.529671,73.871180,366
PUNE_SHP_LINE2_DIR0,18.529696,73.871721,367
PUNE_SHP_LINE2_DIR0,18.529736,73.872535,368
PUNE_SHP_LINE2_DIR0,18.529774,73.873309,369
PUNE_SHP_LINE2_DIR0,18.529790,73.873556,370
PUNE_SHP_LINE2_DIR0,18.529810,73.873831,371
PUNE_SHP_LINE2_DIR0,18.529830,73.874063,372
PUNE_SHP_LINE2_DIR0,18.529836,73.874117,373
PUNE_SHP_LINE2_DIR0,18.529846,73.874190,374
PUNE_SHP_LINE2_DIR0,18.529858,73.874254,375
PUNE_SHP_LINE2_DIR0,18.529878,73.874341,376
PUNE_SHP_LINE2_DIR0,18.529896,73.874404,377
PUNE_SHP_LINE2_DIR0,18.529913,73.874458,378
PUNE_SHP_LINE2_DIR0,18.529953,73.874551,379
PUNE_SHP_LINE2_DIR0,18.529970,73.874592,380
PUNE_SHP_LINE2_DIR0,18.529990,73.874632,381
PUNE_SHP_LINE2_DIR0,18.530013,73.874677,382
PUNE_SHP_LINE2_DIR0,18.530026,73.874702,383
PUNE_SHP_LINE2_DIR0,18.530071,73.874772,384
PUNE_SHP_LINE2_DIR0,18.530094,73.874806,385
PUNE_SHP_LINE2_DIR0,18.530155,73.874890,386
PUNE_SHP_LINE2_DIR0,18.530300,73.875064,387
PUNE_SHP_LINE2_DIR0,18.530624,73.875415,388
PUNE_SHP_LINE2_DIR0,18.530920,73.875744,389
PUNE_SHP_LINE2_DIR0,18.531145,73.875966,390
PUNE_SHP_LINE2_DIR0,18.531270,73.876099,391
PUNE_SHP_LINE2_DIR0,18.531570,73.876440,392
PUNE_SHP_LINE2_DIR0,18.531844,73.876780,393
PUNE_SHP_LINE2_DIR0,18.532469,73.877493,394
PUNE_SHP_LINE2_DIR0,18.532686,73.877731,395
PUNE_SHP_LINE2_DIR0,18.533393,73.878514,396
PUNE_SHP_LINE2_DIR0,18.533668,73.878819,397
PUNE_SHP_LINE2_DIR0,18.533752,73.878906,398
PUNE_SHP_LINE2_DIR0,18.533800,73.878954,399
PUNE_SHP_LINE2_DIR0,18.533859,73.879008,400
PUNE_SHP_LINE2_DIR0,18.533890,73.879035,401
PUNE_SHP_LINE2_DIR0,18.533933,73.879069,402
PUNE_SHP_LINE2_DIR0,18.533994,73.879114,403
PUNE_SHP_LINE2_DIR0,18.534094,73.879182,404
PUNE_SHP_LINE2_DIR0,18.534152,73.879221,405
PUNE_SHP_LINE2_DIR0,18.534513,73.879456,406
PUNE_SHP_LINE2_DIR0,18.535082,73.879872,407
PUNE_SHP_LINE2_DIR0,18.535419,73.880100,408
PUNE_SHP_LINE2_DIR0,18.536146,73.880579,409
PUNE_SHP_LINE2_DIR0,18.537447,73.881435,410
PUNE_SHP_LINE2_DIR0,18.538677,73.882238,411
PUNE_SHP_LINE2_DIR0,18.539695,73.882885,412
PUNE_SHP_LINE2_DIR0,18.539889,73.883007,413
PUNE_SHP_LINE2_DIR0,18.540630,73.883483,414
PUNE_SHP_LINE2_DIR0,18.541161,73.883824,415
PUNE_SHP_LINE2_DIR0,18.541660,73.884136,416
PUNE_SHP_LINE2_DIR0,18.541745,73.884182,417
PUNE_SHP_LINE2_DIR0,18.541777,73.884196,418
PUNE_SHP_LINE2_DIR0,18.541803,73.884206,419
PUNE_SHP_LINE2_DIR0,18.541877,73.884232,420
PUNE_SHP_LINE2_DIR0,18.541944,73.884250,421
PUNE_SHP_LINE2_DIR0,18.542034,73.884267,422
PUNE_SHP_LINE2_DIR0,18.542119,73.884286,423
PUNE_SHP_LINE2_DIR0,18.542332,73.884323,424
PUNE_SHP_LINE2_DIR0,18.542384,73.884330,425
PUNE_SHP_LINE2_DIR0,18.542452,73.884336,426
PUNE_SHP_LINE2_DIR0,18.542533,73.884339,427
PUNE_SHP_LINE2_DIR0,18.542592,73.884339,428
PUNE_SHP_LINE2_DIR0,18.542659,73.884334,429
PUNE_SHP_LINE2_DIR0,18.542818,73.884319,430
PUNE_SHP_LINE2_DIR0,18.542940,73.884298,431
PUNE_SHP_LINE2_DIR0,18.543156,73.884256,432
PUNE_SHP_LINE2_DIR0,18.543447,73.884199,433
PUNE_SHP_LINE2_DIR0,18.543521,73.884187,434
PUNE_SHP_LINE2_DIR0,18.543618,73.884176,435
PUNE_SHP_LINE2_DIR0,18.543672,73.884172,436
PUNE_SHP_LINE2_DIR0,18.543756,73.884173,437
PUNE_SHP_LINE2_DIR0,18.543824,73.884176,438
PUNE_SHP_LINE2_DIR0,18.543876,73.884181,439
PUNE_SHP_LINE2_DIR0,18.543942,73.884191,440
PUNE_SHP_LINE2_DIR0,18.544063,73.884217,441
PUNE_SHP_LINE2_DIR0,18.544131,73.884237,442
PUNE_SHP_LINE2_DIR0,18.544236,73.884277,443
PUNE_SHP_LINE2_DIR0,18.544312,73.884311,444
PUNE_SHP_LINE2_DIR0,18.544380,73.884344,445
PUNE_SHP_LINE2_DIR0,18.544426,73.884372,446
PUNE_SHP_LINE2_DIR0,18.544514,73.884432,447
PUNE_SHP_LINE2_DIR0,18.544582,73.884480,448
PUNE_SHP_LINE2_DIR0,18.544624,73.884515,449
PUNE_SHP_LINE2_DIR0,18.544667,73.884554,450
PUNE_SHP_LINE2_DIR0,18.544744,73.884633,451
PUNE_SHP_LINE2_DIR0,18.544817,73.884721,452
PUNE_SHP_LINE2_DIR0,18.544857,73.884773,453
PUNE_SHP_LINE2_DIR0,18.544882,73.884808,454
PUNE_SHP_LINE2_DIR0,18.544921,73.884871,455
PUNE_SHP_LINE2_DIR0,18.544952,73.884926,456
PUNE_SHP_LINE2_DIR0,18.545007,73.885044,457
PUNE_SHP_LINE2_DIR0,18.545040,73.885129,458
PUNE_SHP_LINE2_DIR0,18.545058,73.885182,459
PUNE_SHP_LINE2_DIR0,18.545080,73.885262,460
PUNE_SHP_LINE2_DIR0,18.545103,73.885359,461
PUNE_SHP_LINE2_DIR0,18.545118,73.885430,462
PUNE_SHP_LINE2_DIR0,18.545243,73.885983,463
PUNE_SHP_LINE2_DIR0,18.545311,73.886288,464
PUNE_SHP_LINE2_DIR0,18.545385,73.886640,465
PUNE_SHP_LINE2_DIR0,18.545403,73.886728,466
PUNE_SHP_LINE2_DIR0,18.545485,73.887121,467
PUNE_SHP_LINE2_DIR0,18.545505,73.887234,468
PUNE_SHP_LINE2_DIR0,18.545618,73.887797,469
PUNE_SHP_LINE2_DIR0,18.545660,73.887991,470
PUNE_SHP_LINE2_DIR0,18.545719,73.888271,471
PUNE_SHP_LINE2_DIR0,18.545793,73.888628,472
PUNE_SHP_LINE2_DIR0,18.545844,73.888854,473
PUNE_SHP_LINE2_DIR0,18.545872,73.888988,474
PUNE_SHP_LINE2_DIR0,18.545893,73.889068,475
PUNE_SHP_LINE2_DIR0,18.545930,73.889189,476
PUNE_SHP_LINE2_DIR0,18.545945,73.889229,477
PUNE_SHP_LINE2_DIR0,18.546005,73.889379,478
PUNE_SHP_LINE2_DIR0,18.546023,73.889422,479
PUNE_SHP_LINE2_DIR0,18.546074,73.889544,480
PUNE_SHP_LINE2_DIR0,18.546098,73.889606,481
PUNE_SHP_LINE2_DIR0,18.546132,73.889702,482
PUNE_SHP_LINE2_DIR0,18.546157,73.889804,483
PUNE_SHP_LINE2_DIR0,18.546171,73.889869,484
PUNE_SHP_LINE2_DIR0,18.546182,73.889946,485
PUNE_SHP_LINE2_DIR0,18.546186,73.889983,486
PUNE_SHP_LINE2_DIR0,18.546189,73.890030,487
PUNE_SHP_LINE2_DIR0,18.546190,73.890116,488
PUNE_SHP_LINE2_DIR0,18.546190,73.890168,489
PUNE_SHP_LINE2_DIR0,18.546186,73.890247,490
PUNE_SHP_LINE2_DIR0,18.546181,73.890298,491
PUNE_SHP_LINE2_DIR0,18.546167,73.890380,492
PUNE_SHP_LINE2_DIR0,18.546152,73.890455,493
PUNE_SHP_LINE2_DIR0,18.546140,73.890506,494
PUNE_SHP_LINE2_DIR0,18.546125,73.890563,495
PUNE_SHP_LINE2_DIR0,18.546115,73.890597,496
PUNE_SHP_LINE2_DIR0,18.546100,73.890639,497
PUNE_SHP_LINE2_DIR0,18.546082,73.890686,498
PUNE_SHP_LINE2_DIR0,18.546069,73.890717,499
PUNE_SHP_LINE2_DIR0,18.546055,73.890752,500
PUNE_SHP_LINE2_DIR0,18.546025,73.890817,501
PUNE_SHP_LINE2_DIR0,18.545988,73.890889,502
PUNE_SHP_LINE2_DIR0,18.545945,73.890961,503
PUNE_SHP_LINE2_DIR0,18.545882,73.891047,504
PUNE_SHP_LINE2_DIR0,18.545761,73.891200,505
PUNE_SHP_LINE2_DIR0,18.545517,73.891477,506
PUNE_SHP_LINE2_DIR0,18.545404,73.891626,507
PUNE_SHP_LINE2_DIR0,18.545329,73.891737,508
PUNE_SHP_LINE2_DIR0,18.545274,73.891828,509
PUNE_SHP_LINE2_DIR0,18.545259,73.891857,510
PUNE_SHP_LINE2_DIR0,18.545230,73.891922,511
PUNE_SHP_LINE2_DIR0,18.545191,73.892016,512
PUNE_SHP_LINE2_DIR0,18.545141,73.892149,513
PUNE_SHP_LINE2_DIR0,18.545114,73.892241,514
PUNE_SHP_LINE2_DIR0,18.545091,73.892329,515
PUNE_SHP_LINE2_DIR0,18.545072,73.892425,516
PUNE_SHP_LINE2_DIR0,18.545057,73.892510,517
PUNE_SHP_LINE2_DIR0,18.545045,73.892604,518
PUNE_SHP_LINE2_DIR0,18.545027,73.892767,519
PUNE_SHP_LINE2_DIR0,18.544986,73.893246,520
PUNE_SHP_LINE2_DIR0,18.544879,73.894270,521
PUNE_SHP_LINE2_DIR0,18.544786,73.895167,522
PUNE_SHP_LINE2_DIR0,18.544725,73.895702,523
PUNE_SHP_LINE2_DIR0,18.544677,73.896199,524
PUNE_SHP_LINE2_DIR0,18.544645,73.896504,525
PUNE_SHP_LINE2_DIR0,18.544621,73.896692,526
PUNE_SHP_LINE2_DIR0,18.544587,73.896848,527
PUNE_SHP_LINE2_DIR0,18.544536,73.897042,528
PUNE_SHP_LINE2_DIR0,18.544512,73.897116,529
PUNE_SHP_LINE2_DIR0,18.544481,73.897201,530
PUNE_SHP_LINE2_DIR0,18.544458,73.897256,531
PUNE_SHP_LINE2_DIR0,18.544401,73.897386,532
PUNE_SHP_LINE2_DIR0,18.544370,73.897457,533
PUNE_SHP_LINE2_DIR0,18.544214,73.897791,534
PUNE_SHP_LINE2_DIR0,18.544112,73.898014,535
PUNE_SHP_LINE2_DIR0,18.544081,73.898086,536
PUNE_SHP_LINE2_DIR0,18.544067,73.898120,537
PUNE_SHP_LINE2_DIR0,18.544035,73.898205,538
PUNE_SHP_LINE2_DIR0,18.544016,73.898258,539
PUNE_SHP_LINE2_DIR0,18.543977,73.898377,540
PUNE_SHP_LINE2_DIR0,18.543894,73.898658,541
PUNE_SHP_LINE2_DIR0,18.543839,73.898850,542
PUNE_SHP_LINE2_DIR0,18.543797,73.899010,543
PUNE_SHP_LINE2_DIR0,18.543791,73.899035,544
PUNE_SHP_LINE2_DIR0,18.543760,73.899173,545
PUNE_SHP_LINE2_DIR0,18.543726,73.899356,546
PUNE_SHP_LINE2_DIR0,18.543711,73.899444,547
PUNE_SHP_LINE2_DIR0,18.543614,73.900094,548
PUNE_SHP_LINE2_DIR0,18.543575,73.900349,549
PUNE_SHP_LINE2_DIR0,18.543538,73.900562,550
PUNE_SHP_LINE2_DIR0,18.543435,73.901092,551
PUNE_SHP_LINE2_DIR0,18.543236,73.902108,552
PUNE_SHP_LINE2_DIR0,18.543083,73.902930,553
PUNE_SHP_LINE2_DIR0,18.542979,73.903517,554
PUNE_SHP_LINE2_DIR0,18.542942,73.903741,555
PUNE_SHP_LINE2_DIR0,18.542926,73.903856,556
PUNE_SHP_LINE2_DIR0,18.542920,73.903908,557
PUNE_SHP_LINE2_DIR0,18.542915,73.903996,558
PUNE_SHP_LINE2_DIR0,18.542914,73.904072,559
PUNE_SHP_LINE2_DIR0,18.542922,73.904206,560
PUNE_SHP_LINE2_DIR0,18.542926,73.904254,561
PUNE_SHP_LINE2_DIR0,18.542934,73.904310,562
PUNE_SHP_LINE2_DIR0,18.542950,73.904379,563
PUNE_SHP_LINE2_DIR0,18.542970,73.904459,564
PUNE_SHP_LINE2_DIR0,18.542997,73.904543,565
PUNE_SHP_LINE2_DIR0,18.543016,73.904592,566
PUNE_SHP_LINE2_DIR0,18.543046,73.904662,567
PUNE_SHP_LINE2_DIR0,18.543073,73.904716,568
PUNE_SHP_LINE2_DIR0,18.543116,73.904794,569
PUNE_SHP_LINE2_DIR0,18.543164,73.904873,570
PUNE_SHP_LINE2_DIR0,18.543199,73.904925,571
PUNE_SHP_LINE2_DIR0,18.543243,73.904979,572
PUNE_SHP_LINE2_DIR0,18.543310,73.905061,573
PUNE_SHP_LINE2_DIR0,18.543351,73.905104,574
PUNE_SHP_LINE2_DIR0,18.543403,73.905155,575
PUNE_SHP_LINE2_DIR0,18.543457,73.905202,576
PUNE_SHP_LINE2_DIR0,18.543493,73.905231,577
PUNE_SHP_LINE2_DIR0,18.543536,73.905261,578
PUNE_SHP_LINE2_DIR0,18.543608,73.905304,579
PUNE_SHP_LINE2_DIR0,18.543699,73.905352,580
PUNE_SHP_LINE2_DIR0,18.544064,73.905535,581
PUNE_SHP_LINE2_DIR0,18.544277,73.905634,582
PUNE_SHP_LINE2_DIR0,18.545050,73.905996,583
PUNE_SHP_LINE2_DIR0,18.545165,73.906046,584
PUNE_SHP_LINE2_DIR0,18.545281,73.906090,585
PUNE_SHP_LINE2_DIR0,18.545288,73.906092,586
PUNE_SHP_LINE2_DIR0,18.545335,73.906107,587
PUNE_SHP_LINE2_DIR0,18.545370,73.906116,588
PUNE_SHP_LINE2_DIR0,18.545397,73.906121,589
PUNE_SHP_LINE2_DIR0,18.545433,73.906126,590
PUNE_SHP_LINE2_DIR0,18.545514,73.906136,591
PUNE_SHP_LINE2_DIR0,18.545537,73.906138,592
PUNE_SHP_LINE2_DIR0,18.545579,73.906139,593
PUNE_SHP_LINE2_DIR0,18.545653,73.906140,594
PUNE_SHP_LINE2_DIR0,18.545736,73.906138,595
PUNE_SHP_LINE2_DIR0,18.545850,73.906131,596
PUNE_SHP_LINE2_DIR0,18.546080,73.906106,597
PUNE_SHP_LINE2_DIR0,18.546299,73.906085,598
PUNE_SHP_LINE2_DIR0,18.546449,73.906072,599
PUNE_SHP_LINE2_DIR0,18.547018,73.906033,600
PUNE_SHP_LINE2_DIR0,18.547059,73.906031,601
PUNE_SHP_LINE2_DIR0,18.547212,73.906024,602
PUNE_SHP_LINE2_DIR0,18.548213,73.905953,603
PUNE_SHP_LINE2_DIR0,18.548717,73.905909,604
PUNE_SHP_LINE2_DIR0,18.549104,73.905852,605
PUNE_SHP_LINE2_DIR0,18.549565,73.905775,606
PUNE_SHP_LINE2_DIR0,18.549689,73.905759,607
PUNE_SHP_LINE2_DIR0,18.549828,73.905745,608
PUNE_SHP_LINE2_DIR0,18.549945,73.905737,609
PUNE_SHP_LINE2_DIR0,18.550021,73.905735,610
PUNE_SHP_LINE2_DIR0,18.550165,73.905735,611
PUNE_SHP_LINE2_DIR0,18.550353,73.905738,612
PUNE_SHP_LINE2_DIR0,18.550498,73.905749,613
PUNE_SHP_LINE2_DIR0,18.550617,73.905762,614
PUNE_SHP_LINE2_DIR0,18.551126,73.905815,615
PUNE_SHP_LINE2_DIR0,18.551559,73.905865,616
PUNE_SHP_LINE2_DIR0,18.551764,73.905895,617
PUNE_SHP_LINE2_DIR0,18.552187,73.905976,618
PUNE_SHP_LINE2_DIR0,18.552270,73.905991,619
PUNE_SHP_LINE2_DIR0,18.552462,73.906018,620
PUNE_SHP_LINE2_DIR0,18.552792,73.906054,621
PUNE_SHP_LINE2_DIR0,18.553128,73.906078,622
PUNE_SHP_LINE2_DIR0,18.553776,73.906103,623
PUNE_SHP_LINE2_DIR0,18.554426,73.906118,624
PUNE_SHP_LINE2_DIR0,18.554571,73.906127,625
PUNE_SHP_LINE2_DIR0,18.554610,73.906132,626
PUNE_SHP_LINE2_DIR0,18.554665,73.906141,627
PUNE_SHP_LINE2_DIR0,18.554707,73.906150,628
PUNE_SHP_LINE2_DIR0,18.554848,73.906179,629
PUNE_SHP_LINE2_DIR0,18.554917,73.906196,630
PUNE_SHP_LINE2_DIR0,18.554939,73.906202,631
PUNE_SHP_LINE2_DIR0,18.554994,73.906222,632
PUNE_SHP_LINE2_DIR0,18.555061,73.906252,633
PUNE_SHP_LINE2_DIR0,18.555107,73.906275,634
PUNE_SHP_LINE2_DIR0,18.555183,73.906319,635
PUNE_SHP_LINE2_DIR0,18.555260,73.906366,636
PUNE_SHP_LINE2_DIR0,18.555316,73.906405,637
PUNE_SHP_LINE2_DIR0,18.555340,73.906423,638
PUNE_SHP_LINE2_DIR0,18.555362,73.906443,639
PUNE_SHP_LINE2_DIR0,18.555470,73.906552,640
PUNE_SHP_LINE2_DIR0,18.555505,73.906588,641
PUNE_SHP_LINE2_DIR0,18.556122,73.907288,642
PUNE_SHP_LINE2_DIR0,18.556210,73.907381,643
PUNE_SHP_LINE2_DIR0,18.556300,73.907482,644
PUNE_SHP_LINE2_DIR0,18.556366,73.907563,645
PUNE_SHP_LINE2_DIR0,18.556468,73.907690,646
PUNE_SHP_LINE2_DIR0,18.556615,73.907900,647
PUNE_SHP_LINE2_DIR0,18.557114,73.908657,648
PUNE_SHP_LINE2_DIR0,18.557166,73.908736,649
PUNE_SHP_LINE2_DIR0,18.557166,73.908736,650
PUNE_SHP_LINE2_DIR1,18.557166,73.908736,1
PUNE_SHP_LINE2_DIR1,18.557166,73.908736,2
PUNE_SHP_LINE2_DIR1,18.557114,73.908657,3
PUNE_SHP_LINE2_DIR1,18.556615,73.907900,4
PUNE_SHP_LINE2_DIR1,18.556468,73.907690,5
PUNE_SHP_LINE2_DIR1,18.556366,73.907563,6
PUNE_SHP_LINE2_DIR1,18.556300,73.907482,7
PUNE_SHP_LINE2_DIR1,18.556210,73.907381,8
PUNE_SHP_LINE2_DIR1,18.556122,73.907288,9
PUNE_SHP_LINE2_DIR1,18.555505,73.906588,10
PUNE_SHP_LINE2_DIR1,18.555470,73.906552,11
PUNE_SHP_LINE2_DIR1,18.555362,73.906443,12
PUNE_SHP_LINE2_DIR1,18.555340,73.906423,13
PUNE_SHP_LINE2_DIR1,18.555316,73.906405,14
PUNE_SHP_LINE2_DIR1,18.555260,73.906366,15
PUNE_SHP_LINE2_DIR1,18.555183,73.906319,16
PUNE_SHP_LINE2_DIR1,18.555107,73.906275,17
PUNE_SHP_LINE2_DIR1,18.555061,73.906252,18
PUNE_SHP_LINE2_DIR1,18.554994,73.906222,19
PUNE_SHP_LINE2_DIR1,18.554939,73.906202,20
PUNE_SHP_LINE2_DIR1,18.554917,73.906196,21
PUNE_SHP_LINE2_DIR1,18.554848,73.906179,22
PUNE_SHP_LINE2_DIR1,18.554707,73.906150,23
PUNE_SHP_LINE2_DIR1,18.554665,73.906141,24
PUNE_SHP_LINE2_DIR1,18.554610,73.906132,25
PUNE_SHP_LINE2_DIR1,18.554571,73.906127,26
PUNE_SHP_LINE2_DIR1,18.554426,73.906118,27
PUNE_SHP_LINE2_DIR1,18.553776,73.906103,28
PUNE_SHP_LINE2_DIR1,18.553128,73.906078,29
PUNE_SHP_LINE2_DIR1,18.552792,73.906054,30
PUNE_SHP_LINE2_DIR1,18.552462,73.906018,31
PUNE_SHP_LINE2_DIR1,18.552270,73.905991,32
PUNE_SHP_LINE2_DIR1,18.552187,73.905976,33
PUNE_SHP_LINE2_DIR1,18.551764,73.905895,34
PUNE_SHP_LINE2_DIR1,18.551559,73.905865,35
PUNE_SHP_LINE2_DIR1,18.551126,73.905815,36
PUNE_SHP_LINE2_DIR1,18.550617,73.905762,37
PUNE_SHP_LINE2_DIR1,18.550498,73.905749,38
PUNE_SHP_LINE2_DIR1,18.550353,73.905738,39
PUNE_SHP_LINE2_DIR1,18.550165,73.905735,40
PUNE_SHP_LINE2_DIR1,18.550021,73.905735,41
PUNE_SHP_LINE2_DIR1,18.549945,73.905737,42
PUNE_SHP_LINE2_DIR1,18.549828,73.905745,43
PUNE_SHP_LINE2_DIR1,18.549689,73.905759,44
PUNE_SHP_LINE2_DIR1,18.549565,73.905775,45
PUNE_SHP_LINE2_DIR1,18.549104,73.905852,46
PUNE_SHP_LINE2_DIR1,18.548717,73.905909,47
PUNE_SHP_LINE2_DIR1,18.548213,73.905953,48
PUNE_SHP_LINE2_DIR1,18.547212,73.906024,49
PUNE_SHP_LINE2_DIR1,18.547059,73.906031,50
PUNE_SHP_LINE2_DIR1,18.547018,73.906033,51
PUNE_SHP_LINE2_DIR1,18.546449,73.906072,52
PUNE_SHP_LINE2_DIR1,18.546299,73.906085,53
PUNE_SHP_LINE2_DIR1,18.546080,73.906106,54
PUNE_SHP_LINE2_DIR1,18.545850,73.906131,55
PUNE_SHP_LINE2_DIR1,18.545736,73.906138,56
PUNE_SHP_LINE2_DIR1,18.545653,73.906140,57
PUNE_SHP_LINE2_DIR1,18.545579,73.906139,58
PUNE_SHP_LINE2_DIR1,18.545537,73.906138,59
PUNE_SHP_LINE2_DIR1,18.545514,73.906136,60
PUNE_SHP_LINE2_DIR1,18.545433,73.906126,61
PUNE_SHP_LINE2_DIR1,18.545397,73.906121,62
PUNE_SHP_LINE2_DIR1,18.545370,73.906116,63
PUNE_SHP_LINE2_DIR1,18.545335,73.906107,64
PUNE_SHP_LINE2_DIR1,18.545288,73.906092,65
PUNE_SHP_LINE2_DIR1,18.545281,73.906090,66
PUNE_SHP_LINE2_DIR1,18.545165,73.906046,67
PUNE_SHP_LINE2_DIR1,18.545050,73.905996,68
PUNE_SHP_LINE2_DIR1,18.544277,73.905634,69
PUNE_SHP_LINE2_DIR1,18.544064,73.905535,70
PUNE_SHP_LINE2_DIR1,18.543699,73.905352,71
PUNE_SHP_LINE2_DIR1,18.543608,73.905304,72
PUNE_SHP_LINE2_DIR1,18.543536,73.905261,73
PUNE_SHP_LINE2_DIR1,18.543493,73.905231,74
PUNE_SHP_LINE2_DIR1,18.543457,73.905202,75
PUNE_SHP_LINE2_DIR1,18.543403,73.905155,76
PUNE_SHP_LINE2_DIR1,18.543351,73.905104,77
PUNE_SHP_LINE2_DIR1,18.543310,73.905061,78
PUNE_SHP_LINE2_DIR1,18.543243,73.904979,79
PUNE_SHP_LINE2_DIR1,18.543199,73.904925,80
PUNE_SHP_LINE2_DIR1,18.543164,73.904873,81
PUNE_SHP_LINE2_DIR1,18.543116,73.904794,82
PUNE_SHP_LINE2_DIR1,18.543073,73.904716,83
PUNE_SHP_LINE2_DIR1,18.543046,73.904662,84
PUNE_SHP_LINE2_DIR1,18.543016,73.904592,85
PUNE_SHP_LINE2_DIR1,18.542997,73.904543,86
PUNE_SHP_LINE2_DIR1,18.542970,73.904459,87
PUNE_SHP_LINE2_DIR1,18.542950,73.904379,88
PUNE_SHP_LINE2_DIR1,18.542934,73.904310,89
PUNE_SHP_LINE2_DIR1,18.542926,73.904254,90
PUNE_SHP_LINE2_DIR1,18.542922,73.904206,91
PUNE_SHP_LINE2_DIR1,18.542914,73.904072,92
PUNE_SHP_LINE2_DIR1,18.542915,73.903996,93
PUNE_SHP_LINE2_DIR1,18.542920,73.903908,94
PUNE_SHP_LINE2_DIR1,18.542926,73.903856,95
PUNE_SHP_LINE2_DIR1,18.542942,73.903741,96
PUNE_SHP_LINE2_DIR1,18.542979,73.903517,97
PUNE_SHP_LINE2_DIR1,18.543083,73.902930,98
PUNE_SHP_LINE2_DIR1,18.543236,73.902108,99
PUNE_SHP_LINE2_DIR1,18.543435,73.901092,100
PUNE_SHP_LINE2_DIR1,18.543538,73.900562,101
PUNE_SHP_LINE2_DIR1,18.543575,73.900349,102
PUNE_SHP_LINE2_DIR1,18.543614,73.900094,103
PUNE_SHP_LINE2_DIR1,18.543711,73.899444,104
PUNE_SHP_LINE2_DIR1,18.543726,73.899356,105
PUNE_SHP_LINE2_DIR1,18.543760,73.899173,106
PUNE_SHP_LINE2_DIR1,18.543791,73.899035,107
PUNE_SHP_LINE2_DIR1,18.543797,73.899010,108
PUNE_SHP_LINE2_DIR1,18.543839,73.898850,109
PUNE_SHP_LINE2_DIR1,18.543894,73.898658,110
PUNE_SHP_LINE2_DIR1,18.543977,73.898377,111
PUNE_SHP_LINE2_DIR1,18.544016,73.898258,112
PUNE_SHP_LINE2_DIR1,18.544035,73.898205,113
PUNE_SHP_LINE2_DIR1,18.544067,73.898120,114
PUNE_SHP_LINE2_DIR1,18.544081,73.898086,115
PUNE_SHP_LINE2_DIR1,18.544112,73.898014,116
PUNE_SHP_LINE2_DIR1,18.544214,73.897791,117
PUNE_SHP_LINE2_DIR1,18.544370,73.897457,118
PUNE_SHP_LINE2_DIR1,18.544401,73.897386,119
PUNE_SHP_LINE2_DIR1,18.544458,73.897256,120
PUNE_SHP_LINE2_DIR1,18.544481,73.897201,121
PUNE_SHP_LINE2_DIR1,18.544512,73.897116,122
PUNE_SHP_LINE2_DIR1,18.544536,73.897042,123
PUNE_SHP_LINE2_DIR1,18.544587,73.896848,124
PUNE_SHP_LINE2_DIR1,18.544621,73.896692,125
PUNE_SHP_LINE2_DIR1,18.544645,73.896504,126
PUNE_SHP_LINE2_DIR1,18.544677,73.896199,127
PUNE_SHP_LINE2_DIR1,18.544725,73.895702,128
PUNE_SHP_LINE2_DIR1,18.544786,73.895167,129
PUNE_SHP_LINE2_DIR1,18.544879,73.894270,130
PUNE_SHP_LINE2_DIR1,18.544986,73.893246,131
PUNE_SHP_LINE2_DIR1,18.545027,73.892767,132
PUNE_SHP_LINE2_DIR1,18.545045,73.892604,133
PUNE_SHP_LINE2_DIR1,18.545057,73.892510,134
PUNE_SHP_LINE2_DIR1,18.545072,73.892425,135
PUNE_SHP_LINE2_DIR1,18.545091,73.892329,136
PUNE_SHP_LINE2_DIR1,18.545114,73.892241,137
PUNE_SHP_LINE2_DIR1,18.545141,73.892149,138
PUNE_SHP_LINE2_DIR1,18.545191,73.892016,139
PUNE_SHP_LINE2_DIR1,18.545230,73.891922,140
PUNE_SHP_LINE2_DIR1,18.545259,73.891857,141
PUNE_SHP_LINE2_DIR1,18.545274,73.891828,142
PUNE_SHP_LINE2_DIR1,18.545329,73.891737,143
PUNE_SHP_LINE2_DIR1,18.545404,73.891626,144
PUNE_SHP_LINE2_DIR1,18.545517,73.891477,145
PUNE_SHP_LINE2_DIR1,18.545761,73.891200,146
PUNE_SHP_LINE2_DIR1,18.545882,73.891047,147
PUNE_SHP_LINE2_DIR1,18.545945,73.890961,148
PUNE_SHP_LINE2_DIR1,18.545988,73.890889,149
PUNE_SHP_LINE2_DIR1,18.546025,73.890817,150
PUNE_SHP_LINE2_DIR1,18.546055,73.890752,151
PUNE_SHP_LINE2_DIR1,18.546069,73.890717,152
PUNE_SHP_LINE2_DIR1,18.546082,73.890686,153
PUNE_SHP_LINE2_DIR1,18.546100,73.890639,154
PUNE_SHP_LINE2_DIR1,18.546115,73.890597,155
PUNE_SHP_LINE2_DIR1,18.546125,73.890563,156
PUNE_SHP_LINE2_DIR1,18.546140,73.890506,157
PUNE_SHP_LINE2_DIR1,18.546152,73.890455,158
PUNE_SHP_LINE2_DIR1,18.546167,73.890380,159
PUNE_SHP_LINE2_DIR1,18.546181,73.890298,160
PUNE_SHP_LINE2_DIR1,18.546186,73.890247,161
PUNE_SHP_LINE2_DIR1,18.546190,73.890168,162
PUNE_SHP_LINE2_DIR1,18.546190,73.890116,163
PUNE_SHP_LINE2_DIR1,18.546189,73.890030,164
PUNE_SHP_LINE2_DIR1,18.546186,73.889983,165
PUNE_SHP_LINE2_DIR1,18.546182,73.889946,166
PUNE_SHP_LINE2_DIR1,18.546171,73.889869,167
PUNE_SHP_LINE2_DIR1,18.546157,73.889804,168
PUNE_SHP_LINE2_DIR1,18.546132,73.889702,169
PUNE_SHP_LINE2_DIR1,18.546098,73.889606,170
PUNE_SHP_LINE2_DIR1,18.546074,73.889544,171
PUNE_SHP_LINE2_DIR1,18.546023,73.889422,172
PUNE_SHP_LINE2_DIR1,18.546005,73.889379,173
PUNE_SHP_LINE2_DIR1,18.545945,73.889229,174
PUNE_SHP_LINE2_DIR1,18.545930,73.889189,175
PUNE_SHP_LINE2_DIR1,18.545893,73.889068,176
PUNE_SHP_LINE2_DIR1,18.545872,73.888988,177
PUNE_SHP_LINE2_DIR1,18.545844,73.888854,178
PUNE_SHP_LINE2_DIR1,18.545793,73.888628,179
PUNE_SHP_LINE2_DIR1,18.545719,73.888271,180
PUNE_SHP_LINE2_DIR1,18.545660,73.887991,181
PUNE_SHP_LINE2_DIR1,18.545618,73.887797,182
PUNE_SHP_LINE2_DIR1,18.545505,73.887234,183
PUNE_SHP_LINE2_DIR1,18.545485,73.887121,184
PUNE_SHP_LINE2_DIR1,18.545403,73.886728,185
PUNE_SHP_LINE2_DIR1,18.545385,73.886640,186
PUNE_SHP_LINE2_DIR1,18.545311,73.886288,187
PUNE_SHP_LINE2_DIR1,18.545243,73.885983,188
PUNE_SHP_LINE2_DIR1,18.545118,73.885430,189
PUNE_SHP_LINE2_DIR1,18.545103,73.885359,190
PUNE_SHP_LINE2_DIR1,18.545080,73.885262,191
PUNE_SHP_LINE2_DIR1,18.545058,73.885182,192
PUNE_SHP_LINE2_DIR1,18.545040,73.885129,193
PUNE_SHP_LINE2_DIR1,18.545007,73.885044,194
PUNE_SHP_LINE2_DIR1,18.544952,73.884926,195
PUNE_SHP_LINE2_DIR1,18.544921,73.884871,196
PUNE_SHP_LINE2_DIR1,18.544882,73.884808,197
PUNE_SHP_LINE2_DIR1,18.544857,73.884773,198
PUNE_SHP_LINE2_DIR1,18.544817,73.884721,199
PUNE_SHP_LINE2_DIR1,18.544744,73.884633,200
PUNE_SHP_LINE2_DIR1,18.544667,73.884554,201
PUNE_SHP_LINE2_DIR1,18.544624,73.884515,202
PUNE_SHP_LINE2_DIR1,18.544582,73.884480,203
PUNE_SHP_LINE2_DIR1,18.544514,73.884432,204
PUNE_SHP_LINE2_DIR1,18.544426,73.884372,205
PUNE_SHP_LINE2_DIR1,18.544380,73.884344,206
PUNE_SHP_LINE2_DIR1,18.544312,73.884311,207
PUNE_SHP_LINE2_DIR1,18.544236,73.884277,208
PUNE_SHP_LINE2_DIR1,18.544131,73.884237,209
PUNE_SHP_LINE2_DIR1,18.544063,73.884217,210
PUNE_SHP_LINE2_DIR1,18.543942,73.884191,211
PUNE_SHP_LINE2_DIR1,18.543876,73.884181,212
PUNE_SHP_LINE2_DIR1,18.543824,73.884176,213
PUNE_SHP_LINE2_DIR1,18.543756,73.884173,214
PUNE_SHP_LINE2_DIR1,18.543672,73.884172,215
PUNE_SHP_LINE2_DIR1,18.543618,73.884176,216
PUNE_SHP_LINE2_DIR1,18.543521,73.884187,217
PUNE_SHP_LINE2_DIR1,18.543447,73.884199,218
PUNE_SHP_LINE2_DIR1,18.543156,73.884256,219
PUNE_SHP_LINE2_DIR1,18.542940,73.884298,220
PUNE_SHP_LINE2_DIR1,18.542818,73.884319,221
PUNE_SHP_LINE2_DIR1,18.542659,73.884334,222
PUNE_SHP_LINE2_DIR1,18.542592,73.884339,223
PUNE_SHP_LINE2_DIR1,18.542533,73.884339,224
PUNE_SHP_LINE2_DIR1,18.542452,73.884336,225
PUNE_SHP_LINE2_DIR1,18.542384,73.884330,226
PUNE_SHP_LINE2_DIR1,18.542332,73.884323,227
PUNE_SHP_LINE2_DIR1,18.542119,73.884286,228
PUNE_SHP_LINE2_DIR1,18.542034,73.884267,229
PUNE_SHP_LINE2_DIR1,18.541944,73.884250,230
PUNE_SHP_LINE2_DIR1,18.541877,73.884232,231
PUNE_SHP_LINE2_DIR1,18.541803,73.884206,232
PUNE_SHP_LINE2_DIR1,18.541777,73.884196,233
PUNE_SHP_LINE2_DIR1,18.541745,73.884182,234
PUNE_SHP_LINE2_DIR1,18.541660,73.884136,235
PUNE_SHP_LINE2_DIR1,18.541161,73.883824,236
PUNE_SHP_LINE2_DIR1,18.540630,73.883483,237
PUNE_SHP_LINE2_DIR1,18.539889,73.883007,238
PUNE_SHP_LINE2_DIR1,18.539695,73.882885,239
PUNE_SHP_LINE2_DIR1,18.538677,73.882238,240
PUNE_SHP_LINE2_DIR1,18.537447,73.881435,241
PUNE_SHP_LINE2_DIR1,18.536146,73.880579,242
PUNE_SHP_LINE2_DIR1,18.535419,73.880100,243
PUNE_SHP_LINE2_DIR1,18.535082,73.879872,244
PUNE_SHP_LINE2_DIR1,18.534513,73.879456,245
PUNE_SHP_LINE2_DIR1,18.534152,73.879221,246
PUNE_SHP_LINE2_DIR1,18.534094,73.879182,247
PUNE_SHP_LINE2_DIR1,18.533994,73.879114,248
PUNE_SHP_LINE2_DIR1,18.533933,73.879069,249
PUNE_SHP_LINE2_DIR1,18.533890,73.879035,250
PUNE_SHP_LINE2_DIR1,18.533859,73.879008,251
PUNE_SHP_LINE2_DIR1,18.533800,73.878954,252
PUNE_SHP_LINE2_DIR1,18.533752,73.878906,253
PUNE_SHP_LINE2_DIR1,18.533668,73.878819,254
PUNE_SHP_LINE2_DIR1,18.533393,73.878514,255
PUNE_SHP_LINE2_DIR1,18.532686,73.877731,256
PUNE_SHP_LINE2_DIR1,18.532469,73.877493,257
PUNE_SHP_LINE2_DIR1,18.531844,73.876780,258
PUNE_SHP_LINE2_DIR1,18.531570,73.876440,259
PUNE_SHP_LINE2_DIR1,18.531270,73.876099,260
PUNE_SHP_LINE2_DIR1,18.531145,73.875966,261
PUNE_SHP_LINE2_DIR1,18.530920,73.875744,262
PUNE_SHP_LINE2_DIR1,18.530624,73.875415,263
PUNE_SHP_LINE2_DIR1,18.530300,73.875064,264
PUNE_SHP_LINE2_DIR1,18.530155,73.874890,265
PUNE_SHP_LINE2_DIR1,18.530094,73.874806,266
PUNE_SHP_LINE2_DIR1,18.530071,73.874772,267
PUNE_SHP_LINE2_DIR1,18.530026,73.874702,268
PUNE_SHP_LINE2_DIR1,18.530013,73.874677,269
PUNE_SHP_LINE2_DIR1,18.529990,73.874632,270
PUNE_SHP_LINE2_DIR1,18.529970,73.874592,271
PUNE_SHP_LINE2_DIR1,18.529953,73.874551,272
PUNE_SHP_LINE2_DIR1,18.529913,73.874458,273
PUNE_SHP_LINE2_DIR1,18.529896,73.874404,274
PUNE_SHP_LINE2_DIR1,18.529878,73.874341,275
PUNE_SHP_LINE2_DIR1,18.529858,73.874254,276
PUNE_SHP_LINE2_DIR1,18.529846,73.874190,277
PUNE_SHP_LINE2_DIR1,18.529836,73.874117,278
PUNE_SHP_LINE2_DIR1,18.529830,73.874063,279
PUNE_SHP_LINE2_DIR1,18.529810,73.873831,280
PUNE_SHP_LINE2_DIR1,18.529790,73.873556,281
PUNE_SHP_LINE2_DIR1,18.529774,73.873309,282
PUNE_SHP_LINE2_DIR1,18.529736,73.872535,283
PUNE_SHP_LINE2_DIR1,18.529696,73.871721,284
PUNE_SHP_LINE2_DIR1,18.529671,73.871180,285
PUNE_SHP_LINE2_DIR1,18.529663,73.870916,286
PUNE_SHP_LINE2_DIR1,18.529664,73.870816,287
PUNE_SHP_LINE2_DIR1,18.529672,73.870562,288
PUNE_SHP_LINE2_DIR1,18.529679,73.870410,289
PUNE_SHP_LINE2_DIR1,18.529686,73.870307,290
PUNE_SHP_LINE2_DIR1,18.529692,73.870237,291
PUNE_SHP_LINE2_DIR1,18.529706,73.870120,292
PUNE_SHP_LINE2_DIR1,18.529738,73.869917,293
PUNE_SHP_LINE2_DIR1,18.529754,73.869798,294
PUNE_SHP_LINE2_DIR1,18.529769,73.869702,295
PUNE_SHP_LINE2_DIR1,18.529781,73.869636,296
PUNE_SHP_LINE2_DIR1,18.529802,73.869542,297
PUNE_SHP_LINE2_DIR1,18.529810,73.869502,298
PUNE_SHP_LINE2_DIR1,18.529846,73.869351,299
PUNE_SHP_LINE2_DIR1,18.529884,73.869203,300
PUNE_SHP_LINE2_DIR1,18.529913,73.869102,301
PUNE_SHP_LINE2_DIR1,18.530021,73.868760,302
PUNE_SHP_LINE2_DIR1,18.530088,73.868534,303
PUNE_SHP_LINE2_DIR1,18.530110,73.868456,304
PUNE_SHP_LINE2_DIR1,18.530127,73.868372,305
PUNE_SHP_LINE2_DIR1,18.530141,73.868290,306
PUNE_SHP_LINE2_DIR1,18.530159,73.868142,307
PUNE_SHP_LINE2_DIR1,18.530172,73.867973,308
PUNE_SHP_LINE2_DIR1,18.530174,73.867791,309
PUNE_SHP_LINE2_DIR1,18.530174,73.867700,310
PUNE_SHP_LINE2_DIR1,18.530171,73.867594,311
PUNE_SHP_LINE2_DIR1,18.530165,73.867469,312
PUNE_SHP_LINE2_DIR1,18.530146,73.867043,313
PUNE_SHP_LINE2_DIR1,18.530106,73.866213,314
PUNE_SHP_LINE2_DIR1,18.530060,73.865199,315
PUNE_SHP_LINE2_DIR1,18.530022,73.864374,316
PUNE_SHP_LINE2_DIR1,18.529999,73.864045,317
PUNE_SHP_LINE2_DIR1,18.529971,73.863801,318
PUNE_SHP_LINE2_DIR1,18.529941,73.863613,319
PUNE_SHP_LINE2_DIR1,18.529917,73.863496,320
PUNE_SHP_LINE2_DIR1,18.529861,73.863258,321
PUNE_SHP_LINE2_DIR1,18.529731,73.862711,322
PUNE_SHP_LINE2_DIR1,18.529700,73.862568,323
PUNE_SHP_LINE2_DIR1,18.529692,73.862525,324
PUNE_SHP_LINE2_DIR1,18.529673,73.862416,325
PUNE_SHP_LINE2_DIR1,18.529667,73.862381,326
PUNE_SHP_LINE2_DIR1,18.529646,73.862221,327
PUNE_SHP_LINE2_DIR1,18.529635,73.862117,328
PUNE_SHP_LINE2_DIR1,18.529611,73.861877,329
PUNE_SHP_LINE2_DIR1,18.529591,73.861625,330
PUNE_SHP_LINE2_DIR1,18.529585,73.861539,331
PUNE_SHP_LINE2_DIR1,18.529579,73.861419,332
PUNE_SHP_LINE2_DIR1,18.529578,73.861352,333
PUNE_SHP_LINE2_DIR1,18.529580,73.861221,334
PUNE_SHP_LINE2_DIR1,18.529589,73.861059,335
PUNE_SHP_LINE2_DIR1,18.529598,73.860916,336
PUNE_SHP_LINE2_DIR1,18.529604,73.860763,337
PUNE_SHP_LINE2_DIR1,18.529601,73.860673,338
PUNE_SHP_LINE2_DIR1,18.529597,73.860613,339
PUNE_SHP_LINE2_DIR1,18.529590,73.860541,340
PUNE_SHP_LINE2_DIR1,18.529579,73.860471,341
PUNE_SHP_LINE2_DIR1,18.529567,73.860407,342
PUNE_SHP_LINE2_DIR1,18.529554,73.860352,343
PUNE_SHP_LINE2_DIR1,18.529541,73.860298,344
PUNE_SHP_LINE2_DIR1,18.529518,73.860224,345
PUNE_SHP_LINE2_DIR1,18.529482,73.860121,346
PUNE_SHP_LINE2_DIR1,18.529445,73.860032,347
PUNE_SHP_LINE2_DIR1,18.529398,73.859933,348
PUNE_SHP_LINE2_DIR1,18.529320,73.859802,349
PUNE_SHP_LINE2_DIR1,18.529278,73.859734,350
PUNE_SHP_LINE2_DIR1,18.529228,73.859666,351
PUNE_SHP_LINE2_DIR1,18.529177,73.859601,352
PUNE_SHP_LINE2_DIR1,18.529119,73.859536,353
PUNE_SHP_LINE2_DIR1,18.529094,73.859510,354
PUNE_SHP_LINE2_DIR1,18.529047,73.859465,355
PUNE_SHP_LINE2_DIR1,18.529003,73.859427,356
PUNE_SHP_LINE2_DIR1,18.528947,73.859382,357
PUNE_SHP_LINE2_DIR1,18.528119,73.858768,358
PUNE_SHP_LINE2_DIR1,18.527449,73.858284,359
PUNE_SHP_LINE2_DIR1,18.526784,73.857808,360
PUNE_SHP_LINE2_DIR1,18.526775,73.857802,361
PUNE_SHP_LINE2_DIR1,18.526118,73.857333,362
PUNE_SHP_LINE2_DIR1,18.525455,73.856860,363
PUNE_SHP_LINE2_DIR1,18.525382,73.856806,364
PUNE_SHP_LINE2_DIR1,18.525293,73.856735,365
PUNE_SHP_LINE2_DIR1,18.525242,73.856691,366
PUNE_SHP_LINE2_DIR1,18.525131,73.856584,367
PUNE_SHP_LINE2_DIR1,18.524806,73.856276,368
PUNE_SHP_LINE2_DIR1,18.524429,73.855938,369
PUNE_SHP_LINE2_DIR1,18.524137,73.855691,370
PUNE_SHP_LINE2_DIR1,18.524061,73.855625,371
PUNE_SHP_LINE2_DIR1,18.523959,73.855533,372
PUNE_SHP_LINE2_DIR1,18.523875,73.855448,373
PUNE_SHP_LINE2_DIR1,18.523790,73.855360,374
PUNE_SHP_LINE2_DIR1,18.523712,73.855272,375
PUNE_SHP_LINE2_DIR1,18.523658,73.855203,376
PUNE_SHP_LINE2_DIR1,18.523603,73.855130,377
PUNE_SHP_LINE2_DIR1,18.523568,73.855080,378
PUNE_SHP_LINE2_DIR1,18.523495,73.854975,379
PUNE_SHP_LINE2_DIR1,18.523479,73.854950,380
PUNE_SHP_LINE2_DIR1,18.523433,73.854875,381
PUNE_SHP_LINE2_DIR1,18.523395,73.854809,382
PUNE_SHP_LINE2_DIR1,18.523337,73.854701,383
PUNE_SHP_LINE2_DIR1,18.523300,73.854625,384
PUNE_SHP_LINE2_DIR1,18.523220,73.854449,385
PUNE_SHP_LINE2_DIR1,18.523136,73.854250,386
PUNE_SHP_LINE2_DIR1,18.522936,73.853773,387
PUNE_SHP_LINE2_DIR1,18.522918,73.853730,388
PUNE_SHP_LINE2_DIR1,18.522830,73.853520,389
PUNE_SHP_LINE2_DIR1,18.522517,73.852768,390
PUNE_SHP_LINE2_DIR1,18.522321,73.852311,391
PUNE_SHP_LINE2_DIR1,18.522269,73.852194,392
PUNE_SHP_LINE2_DIR1,18.522059,73.851691,393
PUNE_SHP_LINE2_DIR1,18.521921,73.851359,394
PUNE_SHP_LINE2_DIR1,18.521858,73.851184,395
PUNE_SHP_LINE2_DIR1,18.521809,73.851040,396
PUNE_SHP_LINE2_DIR1,18.521778,73.850941,397
PUNE_SHP_LINE2_DIR1,18.521752,73.850849,398
PUNE_SHP_LINE2_DIR1,18.521650,73.850443,399
PUNE_SHP_LINE2_DIR1,18.521638,73.850392,400
PUNE_SHP_LINE2_DIR1,18.521547,73.850009,401
PUNE_SHP_LINE2_DIR1,18.521460,73.849622,402
PUNE_SHP_LINE2_DIR1,18.521424,73.849467,403
PUNE_SHP_LINE2_DIR1,18.521403,73.849376,404
PUNE_SHP_LINE2_DIR1,18.521387,73.849314,405
PUNE_SHP_LINE2_DIR1,18.521359,73.849231,406
PUNE_SHP_LINE2_DIR1,18.521296,73.849071,407
PUNE_SHP_LINE2_DIR1,18.521218,73.848894,408
PUNE_SHP_LINE2_DIR1,18.521095,73.848633,409
PUNE_SHP_LINE2_DIR1,18.521071,73.848582,410
PUNE_SHP_LINE2_DIR1,18.521034,73.848506,411
PUNE_SHP_LINE2_DIR1,18.521028,73.848495,412
PUNE_SHP_LINE2_DIR1,18.521008,73.848460,413
PUNE_SHP_LINE2_DIR1,18.520979,73.848413,414
PUNE_SHP_LINE2_DIR1,18.520920,73.848319,415
PUNE_SHP_LINE2_DIR1,18.520899,73.848289,416
PUNE_SHP_LINE2_DIR1,18.520853,73.848228,417
PUNE_SHP_LINE2_DIR1,18.520819,73.848187,418
PUNE_SHP_LINE2_DIR1,18.520749,73.848107,419
PUNE_SHP_LINE2_DIR1,18.520631,73.847986,420
PUNE_SHP_LINE2_DIR1,18.520187,73.847518,421
PUNE_SHP_LINE2_DIR1,18.519693,73.846998,422
PUNE_SHP_LINE2_DIR1,18.519576,73.846884,423
PUNE_SHP_LINE2_DIR1,18.519531,73.846839,424
PUNE_SHP_LINE2_DIR1,18.519451,73.846764,425
PUNE_SHP_LINE2_DIR1,18.519330,73.846659,426
PUNE_SHP_LINE2_DIR1,18.518976,73.846385,427
PUNE_SHP_LINE2_DIR1,18.518696,73.846162,428
PUNE_SHP_LINE2_DIR1,18.518151,73.845723,429
PUNE_SHP_LINE2_DIR1,18.517876,73.845503,430
PUNE_SHP_LINE2_DIR1,18.517664,73.845341,431
PUNE_SHP_LINE2_DIR1,18.517495,73.845218,432
PUNE_SHP_LINE2_DIR1,18.516998,73.844852,433
PUNE_SHP_LINE2_DIR1,18.516502,73.844494,434
PUNE_SHP_LINE2_DIR1,18.516411,73.844427,435
PUNE_SHP_LINE2_DIR1,18.516088,73.844186,436
PUNE_SHP_LINE2_DIR1,18.515341,73.843634,437
PUNE_SHP_LINE2_DIR1,18.515059,73.843443,438
PUNE_SHP_LINE2_DIR1,18.514840,73.843298,439
PUNE_SHP_LINE2_DIR1,18.514597,73.843152,440
PUNE_SHP_LINE2_DIR1,18.514472,73.843067,441
PUNE_SHP_LINE2_DIR1,18.514374,73.842996,442
PUNE_SHP_LINE2_DIR1,18.514327,73.842958,443
PUNE_SHP_LINE2_DIR1,18.514279,73.842916,444
PUNE_SHP_LINE2_DIR1,18.514198,73.842841,445
PUNE_SHP_LINE2_DIR1,18.514160,73.842800,446
PUNE_SHP_LINE2_DIR1,18.514083,73.842706,447
PUNE_SHP_LINE2_DIR1,18.514004,73.842606,448
PUNE_SHP_LINE2_DIR1,18.513980,73.842569,449
PUNE_SHP_LINE2_DIR1,18.513913,73.842460,450
PUNE_SHP_LINE2_DIR1,18.513866,73.842371,451
PUNE_SHP_LINE2_DIR1,18.513818,73.842267,452
PUNE_SHP_LINE2_DIR1,18.513766,73.842149,453
PUNE_SHP_LINE2_DIR1,18.513680,73.841930,454
PUNE_SHP_LINE2_DIR1,18.513533,73.841546,455
PUNE_SHP_LINE2_DIR1,18.513277,73.840893,456
PUNE_SHP_LINE2_DIR1,18.512984,73.840122,457
PUNE_SHP_LINE2_DIR1,18.512799,73.839646,458
PUNE_SHP_LINE2_DIR1,18.512727,73.839478,459
PUNE_SHP_LINE2_DIR1,18.512672,73.839358,460
PUNE_SHP_LINE2_DIR1,18.512603,73.839210,461
PUNE_SHP_LINE2_DIR1,18.512072,73.838071,462
PUNE_SHP_LINE2_DIR1,18.512054,73.838036,463
PUNE_SHP_LINE2_DIR1,18.511712,73.837391,464
PUNE_SHP_LINE2_DIR1,18.511418,73.836824,465
PUNE_SHP_LINE2_DIR1,18.511006,73.836028,466
PUNE_SHP_LINE2_DIR1,18.510669,73.835286,467
PUNE_SHP_LINE2_DIR1,18.510383,73.834614,468
PUNE_SHP_LINE2_DIR1,18.510252,73.834334,469
PUNE_SHP_LINE2_DIR1,18.510172,73.834166,470
PUNE_SHP_LINE2_DIR1,18.510114,73.834055,471
PUNE_SHP_LINE2_DIR1,18.510004,73.833850,472
PUNE_SHP_LINE2_DIR1,18.509690,73.833238,473
PUNE_SHP_LINE2_DIR1,18.509364,73.832618,474
PUNE_SHP_LINE2_DIR1,18.509109,73.832129,475
PUNE_SHP_LINE2_DIR1,18.508724,73.831397,476
PUNE_SHP_LINE2_DIR1,18.508330,73.830628,477
PUNE_SHP_LINE2_DIR1,18.508002,73.829982,478
PUNE_SHP_LINE2_DIR1,18.507692,73.829364,479
PUNE_SHP_LINE2_DIR1,18.507463,73.828880,480
PUNE_SHP_LINE2_DIR1,18.507432,73.828816,481
PUNE_SHP_LINE2_DIR1,18.507076,73.828125,482
PUNE_SHP_LINE2_DIR1,18.507001,73.827970,483
PUNE_SHP_LINE2_DIR1,18.506971,73.827899,484
PUNE_SHP_LINE2_DIR1,18.506937,73.827813,485
PUNE_SHP_LINE2_DIR1,18.506928,73.827787,486
PUNE_SHP_LINE2_DIR1,18.506900,73.827700,487
PUNE_SHP_LINE2_DIR1,18.506883,73.827638,488
PUNE_SHP_LINE2_DIR1,18.506873,73.827600,489
PUNE_SHP_LINE2_DIR1,18.506829,73.827411,490
PUNE_SHP_LINE2_DIR1,18.506825,73.827391,491
PUNE_SHP_LINE2_DIR1,18.506813,73.827345,492
PUNE_SHP_LINE2_DIR1,18.506770,73.827197,493
PUNE_SHP_LINE2_DIR1,18.506754,73.827143,494
PUNE_SHP_LINE2_DIR1,18.506733,73.827084,495
PUNE_SHP_LINE2_DIR1,18.506713,73.827034,496
PUNE_SHP_LINE2_DIR1,18.506702,73.827009,497
PUNE_SHP_LINE2_DIR1,18.506584,73.826747,498
PUNE_SHP_LINE2_DIR1,18.506345,73.826250,499
PUNE_SHP_LINE2_DIR1,18.506256,73.826050,500
PUNE_SHP_LINE2_DIR1,18.506233,73.825990,501
PUNE_SHP_LINE2_DIR1,18.506218,73.825943,502
PUNE_SHP_LINE2_DIR1,18.506209,73.825912,503
PUNE_SHP_LINE2_DIR1,18.506191,73.825838,504
PUNE_SHP_LINE2_DIR1,18.506175,73.825761,505
PUNE_SHP_LINE2_DIR1,18.506166,73.825715,506
PUNE_SHP_LINE2_DIR1,18.506157,73.825652,507
PUNE_SHP_LINE2_DIR1,18.506152,73.825587,508
PUNE_SHP_LINE2_DIR1,18.506149,73.825545,509
PUNE_SHP_LINE2_DIR1,18.506148,73.825473,510
PUNE_SHP_LINE2_DIR1,18.506148,73.825416,511
PUNE_SHP_LINE2_DIR1,18.506149,73.825378,512
PUNE_SHP_LINE2_DIR1,18.506156,73.825308,513
PUNE_SHP_LINE2_DIR1,18.506157,73.825293,514
PUNE_SHP_LINE2_DIR1,18.506172,73.825189,515
PUNE_SHP_LINE2_DIR1,18.506191,73.825097,516
PUNE_SHP_LINE2_DIR1,18.506209,73.825028,517
PUNE_SHP_LINE2_DIR1,18.506215,73.825006,518
PUNE_SHP_LINE2_DIR1,18.506239,73.824931,519
PUNE_SHP_LINE2_DIR1,18.506261,73.824872,520
PUNE_SHP_LINE2_DIR1,18.506283,73.824823,521
PUNE_SHP_LINE2_DIR1,18.506498,73.824432,522
PUNE_SHP_LINE2_DIR1,18.506660,73.824173,523
PUNE_SHP_LINE2_DIR1,18.506704,73.824106,524
PUNE_SHP_LINE2_DIR1,18.506736,73.824062,525
PUNE_SHP_LINE2_DIR1,18.506765,73.824027,526
PUNE_SHP_LINE2_DIR1,18.506848,73.823935,527
PUNE_SHP_LINE2_DIR1,18.506901,73.823882,528
PUNE_SHP_LINE2_DIR1,18.506989,73.823802,529
PUNE_SHP_LINE2_DIR1,18.507087,73.823716,530
PUNE_SHP_LINE2_DIR1,18.507568,73.823327,531
PUNE_SHP_LINE2_DIR1,18.508217,73.822785,532
PUNE_SHP_LINE2_DIR1,18.508412,73.822612,533
PUNE_SHP_LINE2_DIR1,18.508937,73.822138,534
PUNE_SHP_LINE2_DIR1,18.509483,73.821645,535
PUNE_SHP_LINE2_DIR1,18.509699,73.821443,536
PUNE_SHP_LINE2_DIR1,18.509827,73.821316,537
PUNE_SHP_LINE2_DIR1,18.509898,73.821239,538
PUNE_SHP_LINE2_DIR1,18.509991,73.821122,539
PUNE_SHP_LINE2_DIR1,18.510089,73.820987,540
PUNE_SHP_LINE2_DIR1,18.510161,73.820876,541
PUNE_SHP_LINE2_DIR1,18.510235,73.820739,542
PUNE_SHP_LINE2_DIR1,18.510294,73.820620,543
PUNE_SHP_LINE2_DIR1,18.510315,73.820573,544
PUNE_SHP_LINE2_DIR1,18.510348,73.820490,545
PUNE_SHP_LINE2_DIR1,18.510381,73.820399,546
PUNE_SHP_LINE2_DIR1,18.510412,73.820297,547
PUNE_SHP_LINE2_DIR1,18.510428,73.820234,548
PUNE_SHP_LINE2_DIR1,18.510454,73.820107,549
PUNE_SHP_LINE2_DIR1,18.510477,73.819975,550
PUNE_SHP_LINE2_DIR1,18.510488,73.819882,551
PUNE_SHP_LINE2_DIR1,18.510497,73.819804,552
PUNE_SHP_LINE2_DIR1,18.510504,73.819697,553
PUNE_SHP_LINE2_DIR1,18.510506,73.819631,554
PUNE_SHP_LINE2_DIR1,18.510501,73.819397,555
PUNE_SHP_LINE2_DIR1,18.510492,73.819214,556
PUNE_SHP_LINE2_DIR1,18.510468,73.818825,557
PUNE_SHP_LINE2_DIR1,18.510435,73.818383,558
PUNE_SHP_LINE2_DIR1,18.510408,73.818089,559
PUNE_SHP_LINE2_DIR1,18.510399,73.817996,560
PUNE_SHP_LINE2_DIR1,18.510385,73.817880,561
PUNE_SHP_LINE2_DIR1,18.510335,73.817581,562
PUNE_SHP_LINE2_DIR1,18.510317,73.817474,563
PUNE_SHP_LINE2_DIR1,18.510293,73.817341,564
PUNE_SHP_LINE2_DIR1,18.510282,73.817286,565
PUNE_SHP_LINE2_DIR1,18.510240,73.817091,566
PUNE_SHP_LINE2_DIR1,18.510222,73.817009,567
PUNE_SHP_LINE2_DIR1,18.510091,73.816429,568
PUNE_SHP_LINE2_DIR1,18.509974,73.815866,569
PUNE_SHP_LINE2_DIR1,18.509868,73.815373,570
PUNE_SHP_LINE2_DIR1,18.509819,73.815151,571
PUNE_SHP_LINE2_DIR1,18.509757,73.814854,572
PUNE_SHP_LINE2_DIR1,18.509731,73.814717,573
PUNE_SHP_LINE2_DIR1,18.509668,73.814372,574
PUNE_SHP_LINE2_DIR1,18.509647,73.814248,575
PUNE_SHP_LINE2_DIR1,18.509641,73.814205,576
PUNE_SHP_LINE2_DIR1,18.509609,73.814001,577
PUNE_SHP_LINE2_DIR1,18.509604,73.813965,578
PUNE_SHP_LINE2_DIR1,18.509550,73.813551,579
PUNE_SHP_LINE2_DIR1,18.509528,73.813350,580
PUNE_SHP_LINE2_DIR1,18.509522,73.813277,581
PUNE_SHP_LINE2_DIR1,18.509509,73.812995,582
PUNE_SHP_LINE2_DIR1,18.509488,73.812639,583
PUNE_SHP_LINE2_DIR1,18.509475,73.812390,584
PUNE_SHP_LINE2_DIR1,18.509471,73.812330,585
PUNE_SHP_LINE2_DIR1,18.509461,73.812235,586
PUNE_SHP_LINE2_DIR1,18.509446,73.812134,587
PUNE_SHP_LINE2_DIR1,18.509432,73.812051,588
PUNE_SHP_LINE2_DIR1,18.509408,73.811944,589
PUNE_SHP_LINE2_DIR1,18.509403,73.811923,590
PUNE_SHP_LINE2_DIR1,18.509376,73.811833,591
PUNE_SHP_LINE2_DIR1,18.509370,73.811813,592
PUNE_SHP_LINE2_DIR1,18.509350,73.811758,593
PUNE_SHP_LINE2_DIR1,18.509321,73.811687,594
PUNE_SHP_LINE2_DIR1,18.509297,73.811632,595
PUNE_SHP_LINE2_DIR1,18.509252,73.811542,596
PUNE_SHP_LINE2_DIR1,18.509203,73.811448,597
PUNE_SHP_LINE2_DIR1,18.509156,73.811366,598
PUNE_SHP_LINE2_DIR1,18.509107,73.811290,599
PUNE_SHP_LINE2_DIR1,18.509079,73.811252,600
PUNE_SHP_LINE2_DIR1,18.508992,73.811139,601
PUNE_SHP_LINE2_DIR1,18.508888,73.811009,602
PUNE_SHP_LINE2_DIR1,18.508700,73.810777,603
PUNE_SHP_LINE2_DIR1,18.508632,73.810686,604
PUNE_SHP_LINE2_DIR1,18.508618,73.810665,605
PUNE_SHP_LINE2_DIR1,18.508577,73.810601,606
PUNE_SHP_LINE2_DIR1,18.508520,73.810505,607
PUNE_SHP_LINE2_DIR1,18.508484,73.810436,608
PUNE_SHP_LINE2_DIR1,18.508451,73.810371,609
PUNE_SHP_LINE2_DIR1,18.508432,73.810328,610
PUNE_SHP_LINE2_DIR1,18.508405,73.810264,611
PUNE_SHP_LINE2_DIR1,18.508388,73.810219,612
PUNE_SHP_LINE2_DIR1,18.508376,73.810182,613
PUNE_SHP_LINE2_DIR1,18.508360,73.810131,614
PUNE_SHP_LINE2_DIR1,18.508344,73.810071,615
PUNE_SHP_LINE2_DIR1,18.508326,73.809988,616
PUNE_SHP_LINE2_DIR1,18.508317,73.809944,617
PUNE_SHP_LINE2_DIR1,18.508299,73.809810,618
PUNE_SHP_LINE2_DIR1,18.508268,73.809581,619
PUNE_SHP_LINE2_DIR1,18.508233,73.809333,620
PUNE_SHP_LINE2_DIR1,18.508223,73.809270,621
PUNE_SHP_LINE2_DIR1,18.508211,73.809212,622
PUNE_SHP_LINE2_DIR1,18.508197,73.809152,623
PUNE_SHP_LINE2_DIR1,18.508178,73.809086,624
PUNE_SHP_LINE2_DIR1,18.508160,73.809028,625
PUNE_SHP_LINE2_DIR1,18.508151,73.809004,626
PUNE_SHP_LINE2_DIR1,18.508122,73.808927,627
PUNE_SHP_LINE2_DIR1,18.508076,73.808814,628
PUNE_SHP_LINE2_DIR1,18.508059,73.808778,629
PUNE_SHP_LINE2_DIR1,18.508036,73.808731,630
PUNE_SHP_LINE2_DIR1,18.508024,73.808710,631
PUNE_SHP_LINE2_DIR1,18.508001,73.808672,632
PUNE_SHP_LINE2_DIR1,18.507960,73.808606,633
PUNE_SHP_LINE2_DIR1,18.507932,73.808564,634
PUNE_SHP_LINE2_DIR1,18.507778,73.808347,635
PUNE_SHP_LINE2_DIR1,18.507678,73.808182,636
PUNE_SHP_LINE2_DIR1,18.507625,73.808082,637
PUNE_SHP_LINE2_DIR1,18.507594,73.808011,638
PUNE_SHP_LINE2_DIR1,18.507565,73.807939,639
PUNE_SHP_LINE2_DIR1,18.507528,73.807828,640
PUNE_SHP_LINE2_DIR1,18.507515,73.807783,641
PUNE_SHP_LINE2_DIR1,18.507490,73.807686,642
PUNE_SHP_LINE2_DIR1,18.507471,73.807597,643
PUNE_SHP_LINE2_DIR1,18.507460,73.807536,644
PUNE_SHP_LINE2_DIR1,18.507445,73.807429,645
PUNE_SHP_LINE2_DIR1,18.507428,73.807276,646
PUNE_SHP_LINE2_DIR1,18.507364,73.806645,647
PUNE_SHP_LINE2_DIR1,18.507327,73.806281,648
PUNE_SHP_LINE2_DIR1,18.507223,73.805315,649
PUNE_SHP_LINE2_DIR1,18.507223,73.805315,650
