shape_id,shape_pt_lat,shape_pt_lon,shape_pt_sequence
SHP_LINE1_EB,19.130115,72.818357,1
SHP_LINE1_EB,19.130492,72.819169,2
SHP_LINE1_EB,19.130527,72.819252,3
SHP_LINE1_EB,19.130563,72.819360,4
SHP_LINE1_EB,19.130588,72.819457,5
SHP_LINE1_EB,19.130602,72.819556,6
SHP_LINE1_EB,19.130605,72.819648,7
SHP_LINE1_EB,19.130602,72.819794,8
SHP_LINE1_EB,19.130591,72.819941,9
SHP_LINE1_EB,19.130574,72.820057,10
SHP_LINE1_EB,19.130497,72.820404,11
SHP_LINE1_EB,19.130278,72.821387,12
SHP_LINE1_EB,19.130055,72.822386,13
SHP_LINE1_EB,19.129900,72.823080,14
SHP_LINE1_EB,19.129756,72.823651,15
SHP_LINE1_EB,19.128980,72.827158,16
SHP_LINE1_EB,19.128178,72.830812,17
SHP_LINE1_EB,19.127416,72.834224,18
SHP_LINE1_EB,19.127323,72.834596,19
SHP_LINE1_EB,19.127275,72.834779,20
SHP_LINE1_EB,19.127236,72.834954,21
SHP_LINE1_EB,19.127224,72.835022,22
SHP_LINE1_EB,19.127215,72.835092,23
SHP_LINE1_EB,19.127203,72.835248,24
SHP_LINE1_EB,19.127189,72.836183,25
SHP_LINE1_EB,19.127173,72.836373,26
SHP_LINE1_EB,19.127156,72.836535,27
SHP_LINE1_EB,19.127125,72.836755,28
SHP_LINE1_EB,19.126805,72.838267,29
SHP_LINE1_EB,19.126723,72.838656,30
SHP_LINE1_EB,19.126632,72.839028,31
SHP_LINE1_EB,19.126283,72.840249,32
SHP_LINE1_EB,19.126199,72.840503,33
SHP_LINE1_EB,19.126123,72.840665,34
SHP_LINE1_EB,19.126026,72.840833,35
SHP_LINE1_EB,19.125917,72.840984,36
SHP_LINE1_EB,19.125793,72.841138,37
SHP_LINE1_EB,19.125636,72.841302,38
SHP_LINE1_EB,19.125445,72.841468,39
SHP_LINE1_EB,19.125330,72.841561,40
SHP_LINE1_EB,19.125203,72.841634,41
SHP_LINE1_EB,19.125052,72.841705,42
SHP_LINE1_EB,19.124470,72.841954,43
SHP_LINE1_EB,19.124354,72.842026,44
SHP_LINE1_EB,19.124279,72.842087,45
SHP_LINE1_EB,19.124223,72.842140,46
SHP_LINE1_EB,19.124164,72.842208,47
SHP_LINE1_EB,19.124096,72.842282,48
SHP_LINE1_EB,19.124033,72.842366,49
SHP_LINE1_EB,19.123963,72.842470,50
SHP_LINE1_EB,19.123887,72.842590,51
SHP_LINE1_EB,19.123151,72.844242,52
SHP_LINE1_EB,19.122966,72.844611,53
SHP_LINE1_EB,19.122317,72.845834,54
SHP_LINE1_EB,19.122103,72.846226,55
SHP_LINE1_EB,19.121891,72.846588,56
SHP_LINE1_EB,19.120976,72.848019,57
SHP_LINE1_EB,19.120041,72.849482,58
SHP_LINE1_EB,19.118370,72.852169,59
SHP_LINE1_EB,19.117839,72.853038,60
SHP_LINE1_EB,19.117368,72.853861,61
SHP_LINE1_EB,19.116799,72.854873,62
SHP_LINE1_EB,19.116215,72.855875,63
SHP_LINE1_EB,19.115564,72.856983,64
SHP_LINE1_EB,19.115552,72.857002,65
SHP_LINE1_EB,19.115532,72.857038,66
SHP_LINE1_EB,19.115429,72.857211,67
SHP_LINE1_EB,19.115355,72.857368,68
SHP_LINE1_EB,19.115298,72.857509,69
SHP_LINE1_EB,19.115240,72.857671,70
SHP_LINE1_EB,19.115225,72.857721,71
SHP_LINE1_EB,19.115188,72.857837,72
SHP_LINE1_EB,19.115078,72.858319,73
SHP_LINE1_EB,19.115010,72.858709,74
SHP_LINE1_EB,19.114992,72.858811,75
SHP_LINE1_EB,19.114971,72.858933,76
SHP_LINE1_EB,19.114949,72.859126,77
SHP_LINE1_EB,19.114920,72.859476,78
SHP_LINE1_EB,19.114856,72.860270,79
SHP_LINE1_EB,19.114816,72.860501,80
SHP_LINE1_EB,19.114777,72.860682,81
SHP_LINE1_EB,19.114733,72.860865,82
SHP_LINE1_EB,19.114688,72.860998,83
SHP_LINE1_EB,19.114630,72.861142,84
SHP_LINE1_EB,19.114575,72.861279,85
SHP_LINE1_EB,19.114482,72.861493,86
SHP_LINE1_EB,19.114400,72.861693,87
SHP_LINE1_EB,19.114303,72.861896,88
SHP_LINE1_EB,19.114187,72.862122,89
SHP_LINE1_EB,19.114100,72.862290,90
SHP_LINE1_EB,19.113195,72.863950,91
SHP_LINE1_EB,19.113067,72.864193,92
SHP_LINE1_EB,19.112975,72.864384,93
SHP_LINE1_EB,19.112891,72.864599,94
SHP_LINE1_EB,19.112820,72.864809,95
SHP_LINE1_EB,19.112753,72.865027,96
SHP_LINE1_EB,19.112254,72.866930,97
SHP_LINE1_EB,19.111907,72.868242,98
SHP_LINE1_EB,19.111678,72.869108,99
SHP_LINE1_EB,19.111370,72.870214,100
SHP_LINE1_EB,19.110938,72.871813,101
SHP_LINE1_EB,19.110849,72.872134,102
SHP_LINE1_EB,19.110767,72.872406,103
SHP_LINE1_EB,19.110678,72.872686,104
SHP_LINE1_EB,19.110580,72.872971,105
SHP_LINE1_EB,19.110374,72.873536,106
SHP_LINE1_EB,19.109915,72.874797,107
SHP_LINE1_EB,19.109910,72.874808,108
SHP_LINE1_EB,19.109374,72.876282,109
SHP_LINE1_EB,19.109222,72.876722,110
SHP_LINE1_EB,19.109078,72.877116,111
SHP_LINE1_EB,19.108414,72.878873,112
SHP_LINE1_EB,19.107946,72.880109,113
SHP_LINE1_EB,19.107942,72.880121,114
SHP_LINE1_EB,19.107747,72.880635,115
SHP_LINE1_EB,19.107671,72.880842,116
SHP_LINE1_EB,19.107625,72.880992,117
SHP_LINE1_EB,19.107578,72.881155,118
SHP_LINE1_EB,19.107551,72.881323,119
SHP_LINE1_EB,19.107540,72.881490,120
SHP_LINE1_EB,19.107443,72.882957,121
SHP_LINE1_EB,19.107424,72.883144,122
SHP_LINE1_EB,19.107395,72.883301,123
SHP_LINE1_EB,19.107354,72.883455,124
SHP_LINE1_EB,19.107305,72.883599,125
SHP_LINE1_EB,19.107243,72.883757,126
SHP_LINE1_EB,19.107181,72.883893,127
SHP_LINE1_EB,19.107130,72.884002,128
SHP_LINE1_EB,19.107058,72.884131,129
SHP_LINE1_EB,19.106979,72.884250,130
SHP_LINE1_EB,19.106883,72.884401,131
SHP_LINE1_EB,19.106755,72.884541,132
SHP_LINE1_EB,19.106618,72.884670,133
SHP_LINE1_EB,19.104856,72.886164,134
SHP_LINE1_EB,19.104726,72.886273,135
SHP_LINE1_EB,19.104624,72.886379,136
SHP_LINE1_EB,19.104518,72.886505,137
SHP_LINE1_EB,19.104399,72.886647,138
SHP_LINE1_EB,19.104282,72.886811,139
SHP_LINE1_EB,19.104156,72.887010,140
SHP_LINE1_EB,19.103217,72.888509,141
SHP_LINE1_EB,19.103151,72.888615,142
SHP_LINE1_EB,19.102934,72.888931,143
SHP_LINE1_EB,19.102763,72.889148,144
SHP_LINE1_EB,19.102563,72.889395,145
SHP_LINE1_EB,19.101580,72.890573,146
SHP_LINE1_EB,19.101427,72.890724,147
SHP_LINE1_EB,19.101280,72.890860,148
SHP_LINE1_EB,19.101104,72.891013,149
SHP_LINE1_EB,19.100933,72.891148,150
SHP_LINE1_EB,19.100740,72.891288,151
SHP_LINE1_EB,19.100549,72.891419,152
SHP_LINE1_EB,19.098139,72.892854,153
SHP_LINE1_EB,19.098031,72.892926,154
SHP_LINE1_EB,19.097920,72.893004,155
SHP_LINE1_EB,19.097764,72.893137,156
SHP_LINE1_EB,19.097615,72.893291,157
SHP_LINE1_EB,19.097417,72.893497,158
SHP_LINE1_EB,19.097266,72.893666,159
SHP_LINE1_EB,19.097094,72.893878,160
SHP_LINE1_EB,19.096794,72.894325,161
SHP_LINE1_EB,19.096097,72.895413,162
SHP_LINE1_EB,19.095445,72.896432,163
SHP_LINE1_EB,19.095250,72.896766,164
SHP_LINE1_EB,19.095057,72.897097,165
SHP_LINE1_EB,19.094908,72.897344,166
SHP_LINE1_EB,19.094510,72.897982,167
SHP_LINE1_EB,19.093817,72.899046,168
SHP_LINE1_EB,19.093729,72.899191,169
SHP_LINE1_EB,19.093655,72.899332,170
SHP_LINE1_EB,19.093566,72.899517,171
SHP_LINE1_EB,19.093510,72.899677,172
SHP_LINE1_EB,19.093426,72.899950,173
SHP_LINE1_EB,19.093216,72.900668,174
SHP_LINE1_EB,19.093158,72.900824,175
SHP_LINE1_EB,19.093083,72.901009,176
SHP_LINE1_EB,19.092970,72.901212,177
SHP_LINE1_EB,19.092171,72.902600,178
SHP_LINE1_EB,19.092137,72.902659,179
SHP_LINE1_EB,19.091991,72.902931,180
SHP_LINE1_EB,19.091904,72.903113,181
SHP_LINE1_EB,19.091541,72.903937,182
SHP_LINE1_EB,19.091470,72.904096,183
SHP_LINE1_EB,19.091427,72.904214,184
SHP_LINE1_EB,19.091367,72.904375,185
SHP_LINE1_EB,19.091194,72.904877,186
SHP_LINE1_EB,19.091164,72.904986,187
SHP_LINE1_EB,19.091141,72.905107,188
SHP_LINE1_EB,19.091125,72.905230,189
SHP_LINE1_EB,19.091114,72.905347,190
SHP_LINE1_EB,19.091110,72.905465,191
SHP_LINE1_EB,19.091113,72.905624,192
SHP_LINE1_EB,19.091121,72.905758,193
SHP_LINE1_EB,19.091142,72.905906,194
SHP_LINE1_EB,19.091239,72.906638,195
SHP_LINE1_EB,19.091254,72.906796,196
SHP_LINE1_EB,19.091248,72.906900,197
SHP_LINE1_EB,19.091235,72.907004,198
SHP_LINE1_EB,19.091211,72.907128,199
SHP_LINE1_EB,19.091183,72.907219,200
SHP_LINE1_EB,19.091146,72.907291,201
SHP_LINE1_EB,19.091093,72.907377,202
SHP_LINE1_EB,19.091009,72.907493,203
SHP_LINE1_EB,19.090961,72.907550,204
SHP_LINE1_EB,19.090902,72.907596,205
SHP_LINE1_EB,19.090831,72.907650,206
SHP_LINE1_EB,19.090752,72.907695,207
SHP_LINE1_EB,19.090644,72.907747,208
SHP_LINE1_EB,19.090556,72.907785,209
SHP_LINE1_EB,19.090444,72.907813,210
SHP_LINE1_EB,19.090359,72.907821,211
SHP_LINE1_EB,19.090184,72.907831,212
SHP_LINE1_EB,19.090044,72.907821,213
SHP_LINE1_EB,19.089694,72.907803,214
SHP_LINE1_EB,19.089606,72.907802,215
SHP_LINE1_EB,19.089514,72.907808,216
SHP_LINE1_EB,19.089415,72.907836,217
SHP_LINE1_EB,19.089117,72.907947,218
SHP_LINE1_EB,19.089025,72.907978,219
SHP_LINE1_EB,19.088939,72.907997,220
SHP_LINE1_EB,19.088837,72.908013,221
SHP_LINE1_EB,19.088762,72.908017,222
SHP_LINE1_EB,19.088439,72.908025,223
SHP_LINE1_EB,19.088199,72.908036,224
SHP_LINE1_EB,19.087950,72.908046,225
SHP_LINE1_EB,19.087820,72.908071,226
SHP_LINE1_EB,19.087660,72.908108,227
SHP_LINE1_EB,19.086286,72.908123,228
SHP_LINE1_EB,19.086185,72.908123,229
SHP_LINE1_WB,19.086185,72.908123,1
SHP_LINE1_WB,19.086286,72.908123,2
SHP_LINE1_WB,19.087660,72.908108,3
SHP_LINE1_WB,19.087820,72.908071,4
SHP_LINE1_WB,19.087950,72.908046,5
SHP_LINE1_WB,19.088199,72.908036,6
SHP_LINE1_WB,19.088439,72.908025,7
SHP_LINE1_WB,19.088762,72.908017,8
SHP_LINE1_WB,19.088837,72.908013,9
SHP_LINE1_WB,19.088939,72.907997,10
SHP_LINE1_WB,19.089025,72.907978,11
SHP_LINE1_WB,19.089117,72.907947,12
SHP_LINE1_WB,19.089415,72.907836,13
SHP_LINE1_WB,19.089514,72.907808,14
SHP_LINE1_WB,19.089606,72.907802,15
SHP_LINE1_WB,19.089694,72.907803,16
SHP_LINE1_WB,19.090044,72.907821,17
SHP_LINE1_WB,19.090184,72.907831,18
SHP_LINE1_WB,19.090359,72.907821,19
SHP_LINE1_WB,19.090444,72.907813,20
SHP_LINE1_WB,19.090556,72.907785,21
SHP_LINE1_WB,19.090644,72.907747,22
SHP_LINE1_WB,19.090752,72.907695,23
SHP_LINE1_WB,19.090831,72.907650,24
SHP_LINE1_WB,19.090902,72.907596,25
SHP_LINE1_WB,19.090961,72.907550,26
SHP_LINE1_WB,19.091009,72.907493,27
SHP_LINE1_WB,19.091093,72.907377,28
SHP_LINE1_WB,19.091146,72.907291,29
SHP_LINE1_WB,19.091183,72.907219,30
SHP_LINE1_WB,19.091211,72.907128,31
SHP_LINE1_WB,19.091235,72.907004,32
SHP_LINE1_WB,19.091248,72.906900,33
SHP_LINE1_WB,19.091254,72.906796,34
SHP_LINE1_WB,19.091239,72.906638,35
SHP_LINE1_WB,19.091142,72.905906,36
SHP_LINE1_WB,19.091121,72.905758,37
SHP_LINE1_WB,19.091113,72.905624,38
SHP_LINE1_WB,19.091110,72.905465,39
SHP_LINE1_WB,19.091114,72.905347,40
SHP_LINE1_WB,19.091125,72.905230,41
SHP_LINE1_WB,19.091141,72.905107,42
SHP_LINE1_WB,19.091164,72.904986,43
SHP_LINE1_WB,19.091194,72.904877,44
SHP_LINE1_WB,19.091367,72.904375,45
SHP_LINE1_WB,19.091427,72.904214,46
SHP_LINE1_WB,19.091470,72.904096,47
SHP_LINE1_WB,19.091541,72.903937,48
SHP_LINE1_WB,19.091904,72.903113,49
SHP_LINE1_WB,19.091991,72.902931,50
SHP_LINE1_WB,19.092137,72.902659,51
SHP_LINE1_WB,19.092171,72.902600,52
SHP_LINE1_WB,19.092970,72.901212,53
SHP_LINE1_WB,19.093083,72.901009,54
SHP_LINE1_WB,19.093158,72.900824,55
SHP_LINE1_WB,19.093216,72.900668,56
SHP_LINE1_WB,19.093426,72.899950,57
SHP_LINE1_WB,19.093510,72.899677,58
SHP_LINE1_WB,19.093566,72.899517,59
SHP_LINE1_WB,19.093655,72.899332,60
SHP_LINE1_WB,19.093729,72.899191,61
SHP_LINE1_WB,19.093817,72.899046,62
SHP_LINE1_WB,19.094510,72.897982,63
SHP_LINE1_WB,19.094908,72.897344,64
SHP_LINE1_WB,19.095057,72.897097,65
SHP_LINE1_WB,19.095250,72.896766,66
SHP_LINE1_WB,19.095445,72.896432,67
SHP_LINE1_WB,19.096097,72.895413,68
SHP_LINE1_WB,19.096794,72.894325,69
SHP_LINE1_WB,19.097094,72.893878,70
SHP_LINE1_WB,19.097266,72.893666,71
SHP_LINE1_WB,19.097417,72.893497,72
SHP_LINE1_WB,19.097615,72.893291,73
SHP_LINE1_WB,19.097764,72.893137,74
SHP_LINE1_WB,19.097920,72.893004,75
SHP_LINE1_WB,19.098031,72.892926,76
SHP_LINE1_WB,19.098139,72.892854,77
SHP_LINE1_WB,19.100549,72.891419,78
SHP_LINE1_WB,19.100740,72.891288,79
SHP_LINE1_WB,19.100933,72.891148,80
SHP_LINE1_WB,19.101104,72.891013,81
SHP_LINE1_WB,19.101280,72.890860,82
SHP_LINE1_WB,19.101427,72.890724,83
SHP_LINE1_WB,19.101580,72.890573,84
SHP_LINE1_WB,19.102563,72.889395,85
SHP_LINE1_WB,19.102763,72.889148,86
SHP_LINE1_WB,19.102934,72.888931,87
SHP_LINE1_WB,19.103151,72.888615,88
SHP_LINE1_WB,19.103217,72.888509,89
SHP_LINE1_WB,19.104156,72.887010,90
SHP_LINE1_WB,19.104282,72.886811,91
SHP_LINE1_WB,19.104399,72.886647,92
SHP_LINE1_WB,19.104518,72.886505,93
SHP_LINE1_WB,19.104624,72.886379,94
SHP_LINE1_WB,19.104726,72.886273,95
SHP_LINE1_WB,19.104856,72.886164,96
SHP_LINE1_WB,19.106618,72.884670,97
SHP_LINE1_WB,19.106755,72.884541,98
SHP_LINE1_WB,19.106883,72.884401,99
SHP_LINE1_WB,19.106979,72.884250,100
SHP_LINE1_WB,19.107058,72.884131,101
SHP_LINE1_WB,19.107130,72.884002,102
SHP_LINE1_WB,19.107181,72.883893,103
SHP_LINE1_WB,19.107243,72.883757,104
SHP_LINE1_WB,19.107305,72.883599,105
SHP_LINE1_WB,19.107354,72.883455,106
SHP_LINE1_WB,19.107395,72.883301,107
SHP_LINE1_WB,19.107424,72.883144,108
SHP_LINE1_WB,19.107443,72.882957,109
SHP_LINE1_WB,19.107540,72.881490,110
SHP_LINE1_WB,19.107551,72.881323,111
SHP_LINE1_WB,19.107578,72.881155,112
SHP_LINE1_WB,19.107625,72.880992,113
SHP_LINE1_WB,19.107671,72.880842,114
SHP_LINE1_WB,19.107747,72.880635,115
SHP_LINE1_WB,19.107942,72.880121,116
SHP_LINE1_WB,19.107946,72.880109,117
SHP_LINE1_WB,19.108414,72.878873,118
SHP_LINE1_WB,19.109078,72.877116,119
SHP_LINE1_WB,19.109222,72.876722,120
SHP_LINE1_WB,19.109374,72.876282,121
SHP_LINE1_WB,19.109910,72.874808,122
SHP_LINE1_WB,19.109915,72.874797,123
SHP_LINE1_WB,19.110374,72.873536,124
SHP_LINE1_WB,19.110580,72.872971,125
SHP_LINE1_WB,19.110678,72.872686,126
SHP_LINE1_WB,19.110767,72.872406,127
SHP_LINE1_WB,19.110849,72.872134,128
SHP_LINE1_WB,19.110938,72.871813,129
SHP_LINE1_WB,19.111370,72.870214,130
SHP_LINE1_WB,19.111678,72.869108,131
SHP_LINE1_WB,19.111907,72.868242,132
SHP_LINE1_WB,19.112254,72.866930,133
SHP_LINE1_WB,19.112753,72.865027,134
SHP_LINE1_WB,19.112820,72.864809,135
SHP_LINE1_WB,19.112891,72.864599,136
SHP_LINE1_WB,19.112975,72.864384,137
SHP_LINE1_WB,19.113067,72.864193,138
SHP_LINE1_WB,19.113195,72.863950,139
SHP_LINE1_WB,19.114100,72.862290,140
SHP_LINE1_WB,19.114187,72.862122,141
SHP_LINE1_WB,19.114303,72.861896,142
SHP_LINE1_WB,19.114400,72.861693,143
SHP_LINE1_WB,19.114482,72.861493,144
SHP_LINE1_WB,19.114575,72.861279,145
SHP_LINE1_WB,19.114630,72.861142,146
SHP_LINE1_WB,19.114688,72.860998,147
SHP_LINE1_WB,19.114733,72.860865,148
SHP_LINE1_WB,19.114777,72.860682,149
SHP_LINE1_WB,19.114816,72.860501,150
SHP_LINE1_WB,19.114856,72.860270,151
SHP_LINE1_WB,19.114920,72.859476,152
SHP_LINE1_WB,19.114949,72.859126,153
SHP_LINE1_WB,19.114971,72.858933,154
SHP_LINE1_WB,19.114992,72.858811,155
SHP_LINE1_WB,19.115010,72.858709,156
SHP_LINE1_WB,19.115078,72.858319,157
SHP_LINE1_WB,19.115188,72.857837,158
SHP_LINE1_WB,19.115225,72.857721,159
SHP_LINE1_WB,19.115240,72.857671,160
SHP_LINE1_WB,19.115298,72.857509,161
SHP_LINE1_WB,19.115355,72.857368,162
SHP_LINE1_WB,19.115429,72.857211,163
SHP_LINE1_WB,19.115532,72.857038,164
SHP_LINE1_WB,19.115552,72.857002,165
SHP_LINE1_WB,19.115564,72.856983,166
SHP_LINE1_WB,19.116215,72.855875,167
SHP_LINE1_WB,19.116799,72.854873,168
SHP_LINE1_WB,19.117368,72.853861,169
SHP_LINE1_WB,19.117839,72.853038,170
SHP_LINE1_WB,19.118370,72.852169,171
SHP_LINE1_WB,19.120041,72.849482,172
SHP_LINE1_WB,19.120976,72.848019,173
SHP_LINE1_WB,19.121891,72.846588,174
SHP_LINE1_WB,19.122103,72.846226,175
SHP_LINE1_WB,19.122317,72.845834,176
SHP_LINE1_WB,19.122966,72.844611,177
SHP_LINE1_WB,19.123151,72.844242,178
SHP_LINE1_WB,19.123887,72.842590,179
SHP_LINE1_WB,19.123963,72.842470,180
SHP_LINE1_WB,19.124033,72.842366,181
SHP_LINE1_WB,19.124096,72.842282,182
SHP_LINE1_WB,19.124164,72.842208,183
SHP_LINE1_WB,19.124223,72.842140,184
SHP_LINE1_WB,19.124279,72.842087,185
SHP_LINE1_WB,19.124354,72.842026,186
SHP_LINE1_WB,19.124470,72.841954,187
SHP_LINE1_WB,19.125052,72.841705,188
SHP_LINE1_WB,19.125203,72.841634,189
SHP_LINE1_WB,19.125330,72.841561,190
SHP_LINE1_WB,19.125445,72.841468,191
SHP_LINE1_WB,19.125636,72.841302,192
SHP_LINE1_WB,19.125793,72.841138,193
SHP_LINE1_WB,19.125917,72.840984,194
SHP_LINE1_WB,19.126026,72.840833,195
SHP_LINE1_WB,19.126123,72.840665,196
SHP_LINE1_WB,19.126199,72.840503,197
SHP_LINE1_WB,19.126283,72.840249,198
SHP_LINE1_WB,19.126632,72.839028,199
SHP_LINE1_WB,19.126723,72.838656,200
SHP_LINE1_WB,19.126805,72.838267,201
SHP_LINE1_WB,19.127125,72.836755,202
SHP_LINE1_WB,19.127156,72.836535,203
SHP_LINE1_WB,19.127173,72.836373,204
SHP_LINE1_WB,19.127189,72.836183,205
SHP_LINE1_WB,19.127203,72.835248,206
SHP_LINE1_WB,19.127215,72.835092,207
SHP_LINE1_WB,19.127224,72.835022,208
SHP_LINE1_WB,19.127236,72.834954,209
SHP_LINE1_WB,19.127275,72.834779,210
SHP_LINE1_WB,19.127323,72.834596,211
SHP_LINE1_WB,19.127416,72.834224,212
SHP_LINE1_WB,19.128178,72.830812,213
SHP_LINE1_WB,19.128980,72.827158,214
SHP_LINE1_WB,19.129756,72.823651,215
SHP_LINE1_WB,19.129900,72.823080,216
SHP_LINE1_WB,19.130055,72.822386,217
SHP_LINE1_WB,19.130278,72.821387,218
SHP_LINE1_WB,19.130497,72.820404,219
SHP_LINE1_WB,19.130574,72.820057,220
SHP_LINE1_WB,19.130591,72.819941,221
SHP_LINE1_WB,19.130602,72.819794,222
SHP_LINE1_WB,19.130605,72.819648,223
SHP_LINE1_WB,19.130602,72.819556,224
SHP_LINE1_WB,19.130588,72.819457,225
SHP_LINE1_WB,19.130563,72.819360,226
SHP_LINE1_WB,19.130527,72.819252,227
SHP_LINE1_WB,19.130492,72.819169,228
SHP_LINE1_WB,19.130115,72.818357,229
SHP_LINE2B_TO_CHEMBUR,19.049297,72.938996,1
SHP_LINE2B_TO_CHEMBUR,19.049331,72.938957,2
SHP_LINE2B_TO_CHEMBUR,19.049705,72.938526,3
SHP_LINE2B_TO_CHEMBUR,19.049874,72.938284,4
SHP_LINE2B_TO_CHEMBUR,19.050103,72.937937,5
SHP_LINE2B_TO_CHEMBUR,19.050169,72.937843,6
SHP_LINE2B_TO_CHEMBUR,19.050304,72.937646,7
SHP_LINE2B_TO_CHEMBUR,19.050336,72.937607,8
SHP_LINE2B_TO_CHEMBUR,19.050541,72.937365,9
SHP_LINE2B_TO_CHEMBUR,19.050578,72.937329,10
SHP_LINE2B_TO_CHEMBUR,19.050757,72.937160,11
SHP_LINE2B_TO_CHEMBUR,19.050882,72.937023,12
SHP_LINE2B_TO_CHEMBUR,19.050921,72.936970,13
SHP_LINE2B_TO_CHEMBUR,19.050960,72.936910,14
SHP_LINE2B_TO_CHEMBUR,19.050973,72.936883,15
SHP_LINE2B_TO_CHEMBUR,19.050989,72.936838,16
SHP_LINE2B_TO_CHEMBUR,19.050993,72.936818,17
SHP_LINE2B_TO_CHEMBUR,19.050998,72.936799,18
SHP_LINE2B_TO_CHEMBUR,19.051005,72.936739,19
SHP_LINE2B_TO_CHEMBUR,19.051010,72.936628,20
SHP_LINE2B_TO_CHEMBUR,19.051001,72.936504,21
SHP_LINE2B_TO_CHEMBUR,19.050912,72.936223,22
SHP_LINE2B_TO_CHEMBUR,19.050748,72.935746,23
SHP_LINE2B_TO_CHEMBUR,19.050436,72.934797,24
SHP_LINE2B_TO_CHEMBUR,19.050055,72.933725,25
SHP_LINE2B_TO_CHEMBUR,19.049818,72.933084,26
SHP_LINE2B_TO_CHEMBUR,19.049637,72.932589,27
SHP_LINE2B_TO_CHEMBUR,19.049410,72.931898,28
SHP_LINE2B_TO_CHEMBUR,19.049061,72.930886,29
SHP_LINE2B_TO_CHEMBUR,19.048753,72.930025,30
SHP_LINE2B_TO_CHEMBUR,19.048666,72.929783,31
SHP_LINE2B_TO_CHEMBUR,19.048546,72.929532,32
SHP_LINE2B_TO_CHEMBUR,19.048365,72.929204,33
SHP_LINE2B_TO_CHEMBUR,19.048097,72.928847,34
SHP_LINE2B_TO_CHEMBUR,19.047724,72.928391,35
SHP_LINE2B_TO_CHEMBUR,19.047261,72.927860,36
SHP_LINE2B_TO_CHEMBUR,19.046958,72.927517,37
SHP_LINE2B_TO_CHEMBUR,19.046786,72.927332,38
SHP_LINE2B_TO_CHEMBUR,19.046511,72.927075,39
SHP_LINE2B_TO_CHEMBUR,19.046264,72.926872,40
SHP_LINE2B_TO_CHEMBUR,19.046026,72.926666,41
SHP_LINE2B_TO_CHEMBUR,19.045832,72.926484,42
SHP_LINE2B_TO_CHEMBUR,19.045686,72.926317,43
SHP_LINE2B_TO_CHEMBUR,19.045487,72.926090,44
SHP_LINE2B_TO_CHEMBUR,19.045132,72.925668,45
SHP_LINE2B_TO_CHEMBUR,19.044949,72.925459,46
SHP_LINE2B_TO_CHEMBUR,19.044687,72.925143,47
SHP_LINE2B_TO_CHEMBUR,19.044489,72.924911,48
SHP_LINE2B_TO_CHEMBUR,19.044153,72.924512,49
SHP_LINE2B_TO_CHEMBUR,19.043944,72.924267,50
SHP_LINE2B_TO_CHEMBUR,19.043749,72.924043,51
SHP_LINE2B_TO_CHEMBUR,19.043589,72.923846,52
SHP_LINE2B_TO_CHEMBUR,19.043496,72.923720,53
SHP_LINE2B_TO_CHEMBUR,19.043424,72.923603,54
SHP_LINE2B_TO_CHEMBUR,19.043341,72.923423,55
SHP_LINE2B_TO_CHEMBUR,19.043313,72.923304,56
SHP_LINE2B_TO_CHEMBUR,19.043280,72.923089,57
SHP_LINE2B_TO_CHEMBUR,19.043334,72.922517,58
SHP_LINE2B_TO_CHEMBUR,19.043491,72.921918,59
SHP_LINE2B_TO_CHEMBUR,19.043641,72.921335,60
SHP_LINE2B_TO_CHEMBUR,19.043776,72.920871,61
SHP_LINE2B_TO_CHEMBUR,19.043964,72.920355,62
SHP_LINE2B_TO_CHEMBUR,19.044077,72.920070,63
SHP_LINE2B_TO_CHEMBUR,19.044186,72.919782,64
SHP_LINE2B_TO_CHEMBUR,19.044297,72.919439,65
SHP_LINE2B_TO_CHEMBUR,19.044459,72.918836,66
SHP_LINE2B_TO_CHEMBUR,19.044588,72.918400,67
SHP_LINE2B_TO_CHEMBUR,19.044763,72.917850,68
SHP_LINE2B_TO_CHEMBUR,19.044823,72.917664,69
SHP_LINE2B_TO_CHEMBUR,19.044938,72.917307,70
SHP_LINE2B_TO_CHEMBUR,19.045048,72.916947,71
SHP_LINE2B_TO_CHEMBUR,19.045145,72.916569,72
SHP_LINE2B_TO_CHEMBUR,19.045286,72.915923,73
SHP_LINE2B_TO_CHEMBUR,19.045354,72.915494,74
SHP_LINE2B_TO_CHEMBUR,19.045463,72.914892,75
SHP_LINE2B_TO_CHEMBUR,19.045546,72.914427,76
SHP_LINE2B_TO_CHEMBUR,19.045580,72.914135,77
SHP_LINE2B_TO_CHEMBUR,19.045605,72.913760,78
SHP_LINE2B_TO_CHEMBUR,19.045627,72.913288,79
SHP_LINE2B_TO_CHEMBUR,19.045653,72.912736,80
SHP_LINE2B_TO_CHEMBUR,19.045678,72.912004,81
SHP_LINE2B_TO_CHEMBUR,19.045716,72.911212,82
SHP_LINE2B_TO_CHEMBUR,19.045736,72.910844,83
SHP_LINE2B_TO_CHEMBUR,19.045757,72.910625,84
SHP_LINE2B_TO_CHEMBUR,19.045787,72.910423,85
SHP_LINE2B_TO_CHEMBUR,19.045869,72.909985,86
SHP_LINE2B_TO_CHEMBUR,19.046038,72.909442,87
SHP_LINE2B_TO_CHEMBUR,19.046234,72.909024,88
SHP_LINE2B_TO_CHEMBUR,19.046440,72.908694,89
SHP_LINE2B_TO_CHEMBUR,19.046641,72.908415,90
SHP_LINE2B_TO_CHEMBUR,19.046890,72.908135,91
SHP_LINE2B_TO_CHEMBUR,19.047215,72.907806,92
SHP_LINE2B_TO_CHEMBUR,19.047569,72.907436,93
SHP_LINE2B_TO_CHEMBUR,19.047840,72.907152,94
SHP_LINE2B_TO_CHEMBUR,19.048021,72.906964,95
SHP_LINE2B_TO_CHEMBUR,19.048340,72.906641,96
SHP_LINE2B_TO_CHEMBUR,19.048895,72.906092,97
SHP_LINE2B_TO_CHEMBUR,19.049325,72.905676,98
SHP_LINE2B_TO_CHEMBUR,19.049636,72.905382,99
SHP_LINE2B_TO_CHEMBUR,19.049977,72.905027,100
SHP_LINE2B_TO_CHEMBUR,19.050390,72.904601,101
SHP_LINE2B_TO_CHEMBUR,19.050706,72.904264,102
SHP_LINE2B_TO_CHEMBUR,19.050912,72.903994,103
SHP_LINE2B_TO_CHEMBUR,19.051061,72.903755,104
SHP_LINE2B_TO_CHEMBUR,19.051189,72.903508,105
SHP_LINE2B_TO_CHEMBUR,19.051356,72.903069,106
SHP_LINE2B_TO_CHEMBUR,19.051550,72.902556,107
SHP_LINE2B_TO_CHEMBUR,19.051731,72.902051,108
SHP_LINE2B_TO_CHEMBUR,19.051833,72.901766,109
SHP_LINE2B_TO_CHEMBUR,19.052192,72.900642,110
SHP_LINE2B_TO_CHEMBUR,19.052608,72.899409,111
SHP_LINE2B_TO_CHEMBUR,19.053369,72.897237,112
SHP_LINE2B_TO_CHEMBUR,19.053587,72.896615,113
SHP_LINE2B_TO_CHEMBUR,19.053719,72.896199,114
SHP_LINE2B_TO_CHEMBUR,19.053828,72.895835,115
SHP_LINE2B_TO_CHEMBUR,19.053943,72.895354,116
SHP_LINE2B_TO_CHEMBUR,19.053997,72.895060,117
SHP_LINE2B_TO_CHEMBUR,19.054045,72.894640,118
SHP_LINE2B_TO_CHEMBUR,19.054063,72.894485,119
SHP_LINE2B_TO_CHEMBUR,19.054067,72.893458,120
SHP_LINE2B_TO_CHEMBUR,19.054075,72.892996,121
SHP_LINE2B_TO_CHEMBUR,19.054093,72.892663,122
SHP_LINE2B_TO_CHEMBUR,19.054093,72.892654,123
SHP_LINE2B_TO_MANDALE,19.054093,72.892654,1
SHP_LINE2B_TO_MANDALE,19.054093,72.892663,2
SHP_LINE2B_TO_MANDALE,19.054075,72.892996,3
SHP_LINE2B_TO_MANDALE,19.054067,72.893458,4
SHP_LINE2B_TO_MANDALE,19.054063,72.894485,5
SHP_LINE2B_TO_MANDALE,19.054045,72.894640,6
SHP_LINE2B_TO_MANDALE,19.053997,72.895060,7
SHP_LINE2B_TO_MANDALE,19.053943,72.895354,8
SHP_LINE2B_TO_MANDALE,19.053828,72.895835,9
SHP_LINE2B_TO_MANDALE,19.053719,72.896199,10
SHP_LINE2B_TO_MANDALE,19.053587,72.896615,11
SHP_LINE2B_TO_MANDALE,19.053369,72.897237,12
SHP_LINE2B_TO_MANDALE,19.052608,72.899409,13
SHP_LINE2B_TO_MANDALE,19.052192,72.900642,14
SHP_LINE2B_TO_MANDALE,19.051833,72.901766,15
SHP_LINE2B_TO_MANDALE,19.051731,72.902051,16
SHP_LINE2B_TO_MANDALE,19.051550,72.902556,17
SHP_LINE2B_TO_MANDALE,19.051356,72.903069,18
SHP_LINE2B_TO_MANDALE,19.051189,72.903508,19
SHP_LINE2B_TO_MANDALE,19.051061,72.903755,20
SHP_LINE2B_TO_MANDALE,19.050912,72.903994,21
SHP_LINE2B_TO_MANDALE,19.050706,72.904264,22
SHP_LINE2B_TO_MANDALE,19.050390,72.904601,23
SHP_LINE2B_TO_MANDALE,19.049977,72.905027,24
SHP_LINE2B_TO_MANDALE,19.049636,72.905382,25
SHP_LINE2B_TO_MANDALE,19.049325,72.905676,26
SHP_LINE2B_TO_MANDALE,19.048895,72.906092,27
SHP_LINE2B_TO_MANDALE,19.048340,72.906641,28
SHP_LINE2B_TO_MANDALE,19.048021,72.906964,29
SHP_LINE2B_TO_MANDALE,19.047840,72.907152,30
SHP_LINE2B_TO_MANDALE,19.047569,72.907436,31
SHP_LINE2B_TO_MANDALE,19.047215,72.907806,32
SHP_LINE2B_TO_MANDALE,19.046890,72.908135,33
SHP_LINE2B_TO_MANDALE,19.046641,72.908415,34
SHP_LINE2B_TO_MANDALE,19.046440,72.908694,35
SHP_LINE2B_TO_MANDALE,19.046234,72.909024,36
SHP_LINE2B_TO_MANDALE,19.046038,72.909442,37
SHP_LINE2B_TO_MANDALE,19.045869,72.909985,38
SHP_LINE2B_TO_MANDALE,19.045787,72.910423,39
SHP_LINE2B_TO_MANDALE,19.045757,72.910625,40
SHP_LINE2B_TO_MANDALE,19.045736,72.910844,41
SHP_LINE2B_TO_MANDALE,19.045716,72.911212,42
SHP_LINE2B_TO_MANDALE,19.045678,72.912004,43
SHP_LINE2B_TO_MANDALE,19.045653,72.912736,44
SHP_LINE2B_TO_MANDALE,19.045627,72.913288,45
SHP_LINE2B_TO_MANDALE,19.045605,72.913760,46
SHP_LINE2B_TO_MANDALE,19.045580,72.914135,47
SHP_LINE2B_TO_MANDALE,19.045546,72.914427,48
SHP_LINE2B_TO_MANDALE,19.045463,72.914892,49
SHP_LINE2B_TO_MANDALE,19.045354,72.915494,50
SHP_LINE2B_TO_MANDALE,19.045286,72.915923,51
SHP_LINE2B_TO_MANDALE,19.045145,72.916569,52
SHP_LINE2B_TO_MANDALE,19.045048,72.916947,53
SHP_LINE2B_TO_MANDALE,19.044938,72.917307,54
SHP_LINE2B_TO_MANDALE,19.044823,72.917664,55
SHP_LINE2B_TO_MANDALE,19.044763,72.917850,56
SHP_LINE2B_TO_MANDALE,19.044588,72.918400,57
SHP_LINE2B_TO_MANDALE,19.044459,72.918836,58
SHP_LINE2B_TO_MANDALE,19.044297,72.919439,59
SHP_LINE2B_TO_MANDALE,19.044186,72.919782,60
SHP_LINE2B_TO_MANDALE,19.044077,72.920070,61
SHP_LINE2B_TO_MANDALE,19.043964,72.920355,62
SHP_LINE2B_TO_MANDALE,19.043776,72.920871,63
SHP_LINE2B_TO_MANDALE,19.043641,72.921335,64
SHP_LINE2B_TO_MANDALE,19.043491,72.921918,65
SHP_LINE2B_TO_MANDALE,19.043334,72.922517,66
SHP_LINE2B_TO_MANDALE,19.043280,72.923089,67
SHP_LINE2B_TO_MANDALE,19.043313,72.923304,68
SHP_LINE2B_TO_MANDALE,19.043341,72.923423,69
SHP_LINE2B_TO_MANDALE,19.043424,72.923603,70
SHP_LINE2B_TO_MANDALE,19.043496,72.923720,71
SHP_LINE2B_TO_MANDALE,19.043589,72.923846,72
SHP_LINE2B_TO_MANDALE,19.043749,72.924043,73
SHP_LINE2B_TO_MANDALE,19.043944,72.924267,74
SHP_LINE2B_TO_MANDALE,19.044153,72.924512,75
SHP_LINE2B_TO_MANDALE,19.044489,72.924911,76
SHP_LINE2B_TO_MANDALE,19.044687,72.925143,77
SHP_LINE2B_TO_MANDALE,19.044949,72.925459,78
SHP_LINE2B_TO_MANDALE,19.045132,72.925668,79
SHP_LINE2B_TO_MANDALE,19.045487,72.926090,80
SHP_LINE2B_TO_MANDALE,19.045686,72.926317,81
SHP_LINE2B_TO_MANDALE,19.045832,72.926484,82
SHP_LINE2B_TO_MANDALE,19.046026,72.926666,83
SHP_LINE2B_TO_MANDALE,19.046264,72.926872,84
SHP_LINE2B_TO_MANDALE,19.046511,72.927075,85
SHP_LINE2B_TO_MANDALE,19.046786,72.927332,86
SHP_LINE2B_TO_MANDALE,19.046958,72.927517,87
SHP_LINE2B_TO_MANDALE,19.047261,72.927860,88
SHP_LINE2B_TO_MANDALE,19.047724,72.928391,89
SHP_LINE2B_TO_MANDALE,19.048097,72.928847,90
SHP_LINE2B_TO_MANDALE,19.048365,72.929204,91
SHP_LINE2B_TO_MANDALE,19.048546,72.929532,92
SHP_LINE2B_TO_MANDALE,19.048666,72.929783,93
SHP_LINE2B_TO_MANDALE,19.048753,72.930025,94
SHP_LINE2B_TO_MANDALE,19.049061,72.930886,95
SHP_LINE2B_TO_MANDALE,19.049410,72.931898,96
SHP_LINE2B_TO_MANDALE,19.049637,72.932589,97
SHP_LINE2B_TO_MANDALE,19.049818,72.933084,98
SHP_LINE2B_TO_MANDALE,19.050055,72.933725,99
SHP_LINE2B_TO_MANDALE,19.050436,72.934797,100
SHP_LINE2B_TO_MANDALE,19.050748,72.935746,101
SHP_LINE2B_TO_MANDALE,19.050912,72.936223,102
SHP_LINE2B_TO_MANDALE,19.051001,72.936504,103
SHP_LINE2B_TO_MANDALE,19.051010,72.936628,104
SHP_LINE2B_TO_MANDALE,19.051005,72.936739,105
SHP_LINE2B_TO_MANDALE,19.050998,72.936799,106
SHP_LINE2B_TO_MANDALE,19.050993,72.936818,107
SHP_LINE2B_TO_MANDALE,19.050989,72.936838,108
SHP_LINE2B_TO_MANDALE,19.050973,72.936883,109
SHP_LINE2B_TO_MANDALE,19.050960,72.936910,110
SHP_LINE2B_TO_MANDALE,19.050921,72.936970,111
SHP_LINE2B_TO_MANDALE,19.050882,72.937023,112
SHP_LINE2B_TO_MANDALE,19.050757,72.937160,113
SHP_LINE2B_TO_MANDALE,19.050578,72.937329,114
SHP_LINE2B_TO_MANDALE,19.050541,72.937365,115
SHP_LINE2B_TO_MANDALE,19.050336,72.937607,116
SHP_LINE2B_TO_MANDALE,19.050304,72.937646,117
SHP_LINE2B_TO_MANDALE,19.050169,72.937843,118
SHP_LINE2B_TO_MANDALE,19.050103,72.937937,119
SHP_LINE2B_TO_MANDALE,19.049874,72.938284,120
SHP_LINE2B_TO_MANDALE,19.049705,72.938526,121
SHP_LINE2B_TO_MANDALE,19.049331,72.938957,122
SHP_LINE2B_TO_MANDALE,19.049297,72.938996,123
