shape_id,shape_pt_lat,shape_pt_lon,shape_pt_sequence,shape_dist_traveled
SHP_NMM_DIR0,19.020295,73.039968,1,0.00
SHP_NMM_DIR0,19.021749,73.042363,2,299.59
SHP_NMM_DIR0,19.022488,73.043705,3,462.99
SHP_NMM_DIR0,19.022939,73.044341,4,546.67
SHP_NMM_DIR0,19.023050,73.044499,5,567.43
SHP_NMM_DIR0,19.023177,73.044677,6,590.85
SHP_NMM_DIR0,19.023227,73.044769,7,602.04
SHP_NMM_DIR0,19.023299,73.044979,8,625.55
SHP_NMM_DIR0,19.023344,73.045246,9,654.04
SHP_NMM_DIR0,19.023323,73.045564,10,687.66
SHP_NMM_DIR0,19.023221,73.046167,11,752.08
SHP_NMM_DIR0,19.022898,73.048109,12,959.58
SHP_NMM_DIR0,19.022740,73.049230,13,1078.88
SHP_NMM_DIR0,19.022698,73.049716,14,1130.21
SHP_NMM_DIR0,19.022710,73.049912,15,1150.89
SHP_NMM_DIR0,19.022749,73.050231,16,1184.75
SHP_NMM_DIR0,19.022833,73.050555,17,1220.11
SHP_NMM_DIR0,19.023156,73.051189,18,1295.96
SHP_NMM_DIR0,19.023568,73.052056,19,1397.98
SHP_NMM_DIR0,19.023995,73.053033,20,1511.28
SHP_NMM_DIR0,19.024161,73.053358,21,1550.18
SHP_NMM_DIR0,19.024564,73.054019,22,1632.99
SHP_NMM_DIR0,19.025276,73.055112,23,1772.64
SHP_NMM_DIR0,19.026227,73.056435,24,1947.59
SHP_NMM_DIR0,19.026495,73.056809,25,1996.94
SHP_NMM_DIR0,19.026658,73.056954,26,2020.66
SHP_NMM_DIR0,19.026839,73.057053,27,2043.37
SHP_NMM_DIR0,19.027026,73.057126,28,2065.57
SHP_NMM_DIR0,19.027345,73.057196,29,2101.84
SHP_NMM_DIR0,19.028064,73.057354,30,2183.59
SHP_NMM_DIR0,19.028965,73.057527,31,2285.52
SHP_NMM_DIR0,19.030016,73.057758,32,2404.92
SHP_NMM_DIR0,19.030492,73.057888,33,2459.74
SHP_NMM_DIR0,19.030872,73.058049,34,2505.28
SHP_NMM_DIR0,19.031349,73.058261,35,2562.83
SHP_NMM_DIR0,19.031784,73.058531,36,2618.94
SHP_NMM_DIR0,19.032630,73.059092,37,2730.14
SHP_NMM_DIR0,19.033438,73.059636,38,2836.76
SHP_NMM_DIR0,19.034086,73.060052,39,2921.20
SHP_NMM_DIR0,19.034758,73.060416,40,3005.18
SHP_NMM_DIR0,19.035285,73.060696,41,3070.83
SHP_NMM_DIR0,19.035627,73.060911,42,3115.12
SHP_NMM_DIR0,19.036048,73.061207,43,3171.40
SHP_NMM_DIR0,19.036816,73.061823,44,3278.70
SHP_NMM_DIR0,19.037400,73.062302,45,3360.93
SHP_NMM_DIR0,19.037638,73.062541,46,3397.53
SHP_NMM_DIR0,19.037728,73.062685,47,3415.63
SHP_NMM_DIR0,19.037784,73.062819,48,3431.09
SHP_NMM_DIR0,19.037835,73.063058,49,3456.83
SHP_NMM_DIR0,19.037854,73.063258,50,3477.98
SHP_NMM_DIR0,19.037830,73.063513,51,3504.98
SHP_NMM_DIR0,19.037685,73.064291,52,3588.44
SHP_NMM_DIR0,19.037532,73.064992,53,3664.08
SHP_NMM_DIR0,19.037513,73.065162,54,3682.18
SHP_NMM_DIR0,19.037518,73.065318,55,3698.56
SHP_NMM_DIR0,19.037546,73.065474,56,3715.24
SHP_NMM_DIR0,19.037595,73.065626,57,3732.15
SHP_NMM_DIR0,19.037644,73.065732,58,3744.56
SHP_NMM_DIR0,19.037700,73.065834,59,3757.01
SHP_NMM_DIR0,19.037820,73.065996,60,3778.68
SHP_NMM_DIR0,19.038093,73.066255,61,3819.50
SHP_NMM_DIR0,19.038659,73.066709,62,3898.60
SHP_NMM_DIR0,19.039652,73.067511,63,4037.67
SHP_NMM_DIR0,19.040344,73.068073,64,4134.72
SHP_NMM_DIR0,19.040847,73.068496,65,4206.26
SHP_NMM_DIR0,19.040970,73.068631,66,4226.03
SHP_NMM_DIR0,19.041048,73.068735,67,4239.97
SHP_NMM_DIR0,19.041165,73.068915,68,4262.96
SHP_NMM_DIR0,19.041215,73.069029,69,4276.15
SHP_NMM_DIR0,19.041264,73.069226,70,4297.63
SHP_NMM_DIR0,19.041294,73.069452,71,4321.64
SHP_NMM_DIR0,19.041309,73.069843,72,4362.78
SHP_NMM_DIR0,19.041331,73.071022,73,4486.88
SHP_NMM_DIR0,19.041338,73.071925,74,4581.99
SHP_NMM_DIR0,19.041352,73.072827,75,4676.84
SHP_NMM_DIR0,19.041360,73.072982,76,4693.22
SHP_NMM_DIR0,19.041378,73.073139,77,4709.90
SHP_NMM_DIR0,19.041417,73.073314,78,4728.78
SHP_NMM_DIR0,19.041484,73.073472,79,4747.01
SHP_NMM_DIR0,19.041624,73.073714,80,4776.88
SHP_NMM_DIR0,19.041756,73.073854,81,4797.65
SHP_NMM_DIR0,19.041866,73.073953,82,4813.68
SHP_NMM_DIR0,19.042030,73.074046,83,4834.47
SHP_NMM_DIR0,19.042214,73.074129,84,4856.73
SHP_NMM_DIR0,19.042506,73.074242,85,4891.33
SHP_NMM_DIR0,19.043136,73.074505,86,4966.68
SHP_NMM_DIR0,19.043867,73.074764,87,5052.54
SHP_NMM_DIR0,19.044368,73.074947,88,5111.50
SHP_NMM_DIR0,19.044827,73.075091,89,5164.79
SHP_NMM_DIR0,19.045298,73.075195,90,5218.35
SHP_NMM_DIR0,19.045817,73.075244,91,5276.40
SHP_NMM_DIR0,19.046226,73.075268,92,5322.01
SHP_NMM_DIR0,19.047095,73.075340,93,5419.04
SHP_NMM_DIR0,19.047928,73.075421,94,5512.14
SHP_NMM_DIR0,19.048742,73.075522,95,5603.37
SHP_NMM_DIR0,19.051171,73.075831,96,5875.69
SHP_NMM_DIR0,19.052209,73.075951,97,5992.02
SHP_NMM_DIR0,19.053070,73.076083,98,6088.77
SHP_NMM_DIR0,19.053576,73.076175,99,6145.94
SHP_NMM_DIR0,19.054892,73.076339,100,6293.52
SHP_NMM_DIR0,19.056172,73.076507,101,6437.06
SHP_NMM_DIR0,19.057000,73.076619,102,6529.96
SHP_NMM_DIR0,19.057869,73.076738,103,6627.56
SHP_NMM_DIR0,19.058851,73.076888,104,6738.01
SHP_NMM_DIR0,19.059757,73.076996,105,6839.46
SHP_NMM_DIR0,19.061434,73.077216,106,7027.56
SHP_NMM_DIR0,19.063110,73.077431,107,7215.56
SHP_NMM_DIR0,19.063865,73.077556,108,7300.61
SHP_NMM_DIR0,19.064992,73.077676,109,7426.71
SHP_NMM_DIR0,19.066058,73.077804,110,7546.14
SHP_NMM_DIR0,19.067510,73.077997,111,7708.98
SHP_NMM_DIR0,19.069003,73.078197,112,7876.57
SHP_NMM_DIR0,19.069536,73.078276,113,7936.44
SHP_NMM_DIR0,19.070545,73.078498,114,8051.14
SHP_NMM_DIR0,19.071793,73.078772,115,8193.03
SHP_NMM_DIR0,19.072389,73.078931,116,8261.47
SHP_NMM_DIR0,19.072725,73.079005,117,8299.70
SHP_NMM_DIR0,19.072940,73.079052,118,8324.16
SHP_NMM_DIR0,19.073067,73.079116,119,8339.82
SHP_NMM_DIR0,19.073202,73.079187,120,8356.56
SHP_NMM_DIR0,19.073338,73.079274,121,8374.33
SHP_NMM_DIR0,19.073466,73.079379,122,8392.32
SHP_NMM_DIR0,19.073592,73.079518,123,8412.52
SHP_NMM_DIR0,19.073720,73.079706,124,8436.97
SHP_NMM_DIR0,19.073804,73.079904,125,8459.80
SHP_NMM_DIR0,19.073858,73.080074,126,8478.67
SHP_NMM_DIR0,19.073904,73.080368,127,8510.02
SHP_NMM_DIR0,19.073911,73.080595,128,8533.85
SHP_NMM_DIR0,19.073794,73.081279,129,8607.04
SHP_NMM_DIR0,19.073702,73.081867,130,8669.70
SHP_NMM_DIR0,19.073492,73.082775,131,8768.12
SHP_NMM_DIR0,19.073444,73.083125,132,8805.29
SHP_NMM_DIR0,19.073413,73.083348,133,8829.02
SHP_NMM_DIR0,19.073406,73.083523,134,8847.42
SHP_NMM_DIR0,19.073435,73.083814,135,8878.26
SHP_NMM_DIR0,19.073512,73.084130,136,8912.52
SHP_NMM_DIR0,19.073630,73.084420,137,8945.78
SHP_NMM_DIR0,19.073800,73.084687,138,8979.63
SHP_NMM_DIR0,19.074052,73.085028,139,9025.14
SHP_NMM_DIR0,19.074888,73.086104,140,9171.75
SHP_NMM_DIR0,19.075762,73.087233,141,9325.23
SHP_NMM_DIR0,19.075994,73.087585,142,9370.40
SHP_NMM_DIR0,19.076055,73.087709,143,9385.13
SHP_NMM_DIR0,19.076126,73.087926,144,9409.28
SHP_NMM_DIR0,19.076162,73.088084,145,9426.41
SHP_NMM_DIR0,19.076176,73.088205,146,9439.21
SHP_NMM_DIR0,19.076173,73.088389,147,9458.54
SHP_NMM_DIR0,19.076166,73.088466,148,9466.73
SHP_NMM_DIR0,19.076159,73.088544,149,9474.92
SHP_NMM_DIR0,19.076135,73.088680,150,9489.51
SHP_NMM_DIR0,19.076030,73.088976,151,9522.76
SHP_NMM_DIR0,19.075869,73.089255,152,9557.21
SHP_NMM_DIR0,19.075660,73.089554,153,9596.30
SHP_NMM_DIR0,19.074899,73.090441,154,9722.28
SHP_NMM_DIR0,19.074504,73.090919,155,9789.14
SHP_NMM_DIR0,19.073935,73.091552,156,9880.99
SHP_NMM_DIR0,19.073851,73.091673,157,9896.83
SHP_NMM_DIR0,19.073773,73.091814,158,9913.99
SHP_NMM_DIR0,19.073727,73.091907,159,9925.04
SHP_NMM_DIR0,19.073683,73.092013,160,9937.20
SHP_NMM_DIR0,19.073645,73.092130,161,9950.22
SHP_NMM_DIR0,19.073614,73.092286,162,9967.05
SHP_NMM_DIR0,19.073578,73.092470,163,9986.82
SHP_NMM_DIR0,19.073574,73.092604,164,10000.85
SHP_NMM_DIR0,19.073526,73.093148,165,10058.41
SHP_NMM_DIR0,19.073501,73.093490,166,10094.47
SHP_NMM_DIR0,19.073484,73.093716,167,10118.34
SHP_NMM_DIR0,19.073433,73.094413,168,10191.89
SHP_NMM_DIR0,19.073364,73.095210,169,10276.04
SHP_NMM_DIR0,19.073311,73.095936,170,10352.63
SHP_NMM_DIR0,19.073259,73.096148,171,10375.74
SHP_NMM_DIR0,19.073202,73.096308,172,10393.64
SHP_NMM_DIR0,19.073001,73.096670,173,10437.88
SHP_NMM_DIR0,19.072735,73.097035,174,10486.40
SHP_NMM_DIR0,19.072141,73.097914,175,10600.02
SHP_NMM_DIR1,19.072141,73.097914,1,0.00
SHP_NMM_DIR1,19.072735,73.097035,2,113.62
SHP_NMM_DIR1,19.073001,73.096670,3,162.15
SHP_NMM_DIR1,19.073202,73.096308,4,206.38
SHP_NMM_DIR1,19.073259,73.096148,5,224.28
SHP_NMM_DIR1,19.073311,73.095936,6,247.39
SHP_NMM_DIR1,19.073364,73.095210,7,323.98
SHP_NMM_DIR1,19.073433,73.094413,8,408.13
SHP_NMM_DIR1,19.073484,73.093716,9,481.68
SHP_NMM_DIR1,19.073501,73.093490,10,505.55
SHP_NMM_DIR1,19.073526,73.093148,11,541.61
SHP_NMM_DIR1,19.073574,73.092604,12,599.18
SHP_NMM_DIR1,19.073578,73.092470,13,613.20
SHP_NMM_DIR1,19.073614,73.092286,14,632.97
SHP_NMM_DIR1,19.073645,73.092130,15,649.80
SHP_NMM_DIR1,19.073683,73.092013,16,662.82
SHP_NMM_DIR1,19.073727,73.091907,17,674.98
SHP_NMM_DIR1,19.073773,73.091814,18,686.03
SHP_NMM_DIR1,19.073851,73.091673,19,703.19
SHP_NMM_DIR1,19.073935,73.091552,20,719.03
SHP_NMM_DIR1,19.074504,73.090919,21,810.88
SHP_NMM_DIR1,19.074899,73.090441,22,877.74
SHP_NMM_DIR1,19.075660,73.089554,23,1003.72
SHP_NMM_DIR1,19.075869,73.089255,24,1042.81
SHP_NMM_DIR1,19.076030,73.088976,25,1077.26
SHP_NMM_DIR1,19.076135,73.088680,26,1110.51
SHP_NMM_DIR1,19.076159,73.088544,27,1125.10
SHP_NMM_DIR1,19.076166,73.088466,28,1133.29
SHP_NMM_DIR1,19.076173,73.088389,29,1141.48
SHP_NMM_DIR1,19.076176,73.088205,30,1160.81
SHP_NMM_DIR1,19.076162,73.088084,31,1173.61
SHP_NMM_DIR1,19.076126,73.087926,32,1190.74
SHP_NMM_DIR1,19.076055,73.087709,33,1214.89
SHP_NMM_DIR1,19.075994,73.087585,34,1229.62
SHP_NMM_DIR1,19.075762,73.087233,35,1274.79
SHP_NMM_DIR1,19.074888,73.086104,36,1428.27
SHP_NMM_DIR1,19.074052,73.085028,37,1574.88
SHP_NMM_DIR1,19.073800,73.084687,38,1620.39
SHP_NMM_DIR1,19.073630,73.084420,39,1654.24
SHP_NMM_DIR1,19.073512,73.084130,40,1687.50
SHP_NMM_DIR1,19.073435,73.083814,41,1721.77
SHP_NMM_DIR1,19.073406,73.083523,42,1752.60
SHP_NMM_DIR1,19.073413,73.083348,43,1771.00
SHP_NMM_DIR1,19.073444,73.083125,44,1794.73
SHP_NMM_DIR1,19.073492,73.082775,45,1831.90
SHP_NMM_DIR1,19.073702,73.081867,46,1930.32
SHP_NMM_DIR1,19.073794,73.081279,47,1992.98
SHP_NMM_DIR1,19.073911,73.080595,48,2066.17
SHP_NMM_DIR1,19.073904,73.080368,49,2090.00
SHP_NMM_DIR1,19.073858,73.080074,50,2121.35
SHP_NMM_DIR1,19.073804,73.079904,51,2140.22
SHP_NMM_DIR1,19.073720,73.079706,52,2163.05
SHP_NMM_DIR1,19.073592,73.079518,53,2187.50
SHP_NMM_DIR1,19.073466,73.079379,54,2207.70
SHP_NMM_DIR1,19.073338,73.079274,55,2225.69
SHP_NMM_DIR1,19.073202,73.079187,56,2243.46
SHP_NMM_DIR1,19.073067,73.079116,57,2260.20
SHP_NMM_DIR1,19.072940,73.079052,58,2275.86
SHP_NMM_DIR1,19.072725,73.079005,59,2300.33
SHP_NMM_DIR1,19.072389,73.078931,60,2338.55
SHP_NMM_DIR1,19.071793,73.078772,61,2406.99
SHP_NMM_DIR1,19.070545,73.078498,62,2548.88
SHP_NMM_DIR1,19.069536,73.078276,63,2663.58
SHP_NMM_DIR1,19.069003,73.078197,64,2723.45
SHP_NMM_DIR1,19.067510,73.077997,65,2891.04
SHP_NMM_DIR1,19.066058,73.077804,66,3053.88
SHP_NMM_DIR1,19.064992,73.077676,67,3173.31
SHP_NMM_DIR1,19.063865,73.077556,68,3299.41
SHP_NMM_DIR1,19.063110,73.077431,69,3384.46
SHP_NMM_DIR1,19.061434,73.077216,70,3572.46
SHP_NMM_DIR1,19.059757,73.076996,71,3760.56
SHP_NMM_DIR1,19.058851,73.076888,72,3862.01
SHP_NMM_DIR1,19.057869,73.076738,73,3972.46
SHP_NMM_DIR1,19.057000,73.076619,74,4070.06
SHP_NMM_DIR1,19.056172,73.076507,75,4162.96
SHP_NMM_DIR1,19.054892,73.076339,76,4306.50
SHP_NMM_DIR1,19.053576,73.076175,77,4454.08
SHP_NMM_DIR1,19.053070,73.076083,78,4511.26
SHP_NMM_DIR1,19.052209,73.075951,79,4608.00
SHP_NMM_DIR1,19.051171,73.075831,80,4724.33
SHP_NMM_DIR1,19.048742,73.075522,81,4996.65
SHP_NMM_DIR1,19.047928,73.075421,82,5087.88
SHP_NMM_DIR1,19.047095,73.075340,83,5180.98
SHP_NMM_DIR1,19.046226,73.075268,84,5278.01
SHP_NMM_DIR1,19.045817,73.075244,85,5323.62
SHP_NMM_DIR1,19.045298,73.075195,86,5381.67
SHP_NMM_DIR1,19.044827,73.075091,87,5435.23
SHP_NMM_DIR1,19.044368,73.074947,88,5488.52
SHP_NMM_DIR1,19.043867,73.074764,89,5547.48
SHP_NMM_DIR1,19.043136,73.074505,90,5633.34
SHP_NMM_DIR1,19.042506,73.074242,91,5708.69
SHP_NMM_DIR1,19.042214,73.074129,92,5743.29
SHP_NMM_DIR1,19.042030,73.074046,93,5765.55
SHP_NMM_DIR1,19.041866,73.073953,94,5786.34
SHP_NMM_DIR1,19.041756,73.073854,95,5802.37
SHP_NMM_DIR1,19.041624,73.073714,96,5823.14
SHP_NMM_DIR1,19.041484,73.073472,97,5853.01
SHP_NMM_DIR1,19.041417,73.073314,98,5871.24
SHP_NMM_DIR1,19.041378,73.073139,99,5890.12
SHP_NMM_DIR1,19.041360,73.072982,100,5906.80
SHP_NMM_DIR1,19.041352,73.072827,101,5923.18
SHP_NMM_DIR1,19.041338,73.071925,102,6018.03
SHP_NMM_DIR1,19.041331,73.071022,103,6113.14
SHP_NMM_DIR1,19.041309,73.069843,104,6237.24
SHP_NMM_DIR1,19.041294,73.069452,105,6278.38
SHP_NMM_DIR1,19.041264,73.069226,106,6302.39
SHP_NMM_DIR1,19.041215,73.069029,107,6323.87
SHP_NMM_DIR1,19.041165,73.068915,108,6337.07
SHP_NMM_DIR1,19.041048,73.068735,109,6360.05
SHP_NMM_DIR1,19.040970,73.068631,110,6373.99
SHP_NMM_DIR1,19.040847,73.068496,111,6393.76
SHP_NMM_DIR1,19.040344,73.068073,112,6465.30
SHP_NMM_DIR1,19.039652,73.067511,113,6562.35
SHP_NMM_DIR1,19.038659,73.066709,114,6701.42
SHP_NMM_DIR1,19.038093,73.066255,115,6780.53
SHP_NMM_DIR1,19.037820,73.065996,116,6821.34
SHP_NMM_DIR1,19.037700,73.065834,117,6843.01
SHP_NMM_DIR1,19.037644,73.065732,118,6855.46
SHP_NMM_DIR1,19.037595,73.065626,119,6867.87
SHP_NMM_DIR1,19.037546,73.065474,120,6884.79
SHP_NMM_DIR1,19.037518,73.065318,121,6901.46
SHP_NMM_DIR1,19.037513,73.065162,122,6917.84
SHP_NMM_DIR1,19.037532,73.064992,123,6935.94
SHP_NMM_DIR1,19.037685,73.064291,124,7011.59
SHP_NMM_DIR1,19.037830,73.063513,125,7095.04
SHP_NMM_DIR1,19.037854,73.063258,126,7122.04
SHP_NMM_DIR1,19.037835,73.063058,127,7143.19
SHP_NMM_DIR1,19.037784,73.062819,128,7168.94
SHP_NMM_DIR1,19.037728,73.062685,129,7184.39
SHP_NMM_DIR1,19.037638,73.062541,130,7202.49
SHP_NMM_DIR1,19.037400,73.062302,131,7239.09
SHP_NMM_DIR1,19.036816,73.061823,132,7321.33
SHP_NMM_DIR1,19.036048,73.061207,133,7428.62
SHP_NMM_DIR1,19.035627,73.060911,134,7484.90
SHP_NMM_DIR1,19.035285,73.060696,135,7529.20
SHP_NMM_DIR1,19.034758,73.060416,136,7594.85
SHP_NMM_DIR1,19.034086,73.060052,137,7678.83
SHP_NMM_DIR1,19.033438,73.059636,138,7763.27
SHP_NMM_DIR1,19.032630,73.059092,139,7869.89
SHP_NMM_DIR1,19.031784,73.058531,140,7981.09
SHP_NMM_DIR1,19.031349,73.058261,141,8037.19
SHP_NMM_DIR1,19.030872,73.058049,142,8094.74
SHP_NMM_DIR1,19.030492,73.057888,143,8140.29
SHP_NMM_DIR1,19.030016,73.057758,144,8195.10
SHP_NMM_DIR1,19.028965,73.057527,145,8314.50
SHP_NMM_DIR1,19.028064,73.057354,146,8416.43
SHP_NMM_DIR1,19.027345,73.057196,147,8498.18
SHP_NMM_DIR1,19.027026,73.057126,148,8534.45
SHP_NMM_DIR1,19.026839,73.057053,149,8556.65
SHP_NMM_DIR1,19.026658,73.056954,150,8579.36
SHP_NMM_DIR1,19.026495,73.056809,151,8603.08
SHP_NMM_DIR1,19.026227,73.056435,152,8652.44
SHP_NMM_DIR1,19.025276,73.055112,153,8827.38
SHP_NMM_DIR1,19.024564,73.054019,154,8967.04
SHP_NMM_DIR1,19.024161,73.053358,155,9049.84
SHP_NMM_DIR1,19.023995,73.053033,156,9088.74
SHP_NMM_DIR1,19.023568,73.052056,157,9202.04
SHP_NMM_DIR1,19.023156,73.051189,158,9304.07
SHP_NMM_DIR1,19.022833,73.050555,159,9379.92
SHP_NMM_DIR1,19.022749,73.050231,160,9415.27
SHP_NMM_DIR1,19.022710,73.049912,161,9449.14
SHP_NMM_DIR1,19.022698,73.049716,162,9469.81
SHP_NMM_DIR1,19.022740,73.049230,163,9521.14
SHP_NMM_DIR1,19.022898,73.048109,164,9640.44
SHP_NMM_DIR1,19.023221,73.046167,165,9847.95
SHP_NMM_DIR1,19.023323,73.045564,166,9912.37
SHP_NMM_DIR1,19.023344,73.045246,167,9945.98
SHP_NMM_DIR1,19.023299,73.044979,168,9974.47
SHP_NMM_DIR1,19.023227,73.044769,169,9997.99
SHP_NMM_DIR1,19.023177,73.044677,170,10009.17
SHP_NMM_DIR1,19.023050,73.044499,171,10032.59
SHP_NMM_DIR1,19.022939,73.044341,172,10053.35
SHP_NMM_DIR1,19.022488,73.043705,173,10137.03
SHP_NMM_DIR1,19.021749,73.042363,174,10300.44
SHP_NMM_DIR1,19.020295,73.039968,175,10600.03
